>> S.E MCR
-97.3098	39.7286
-97.4238	39.5297
-97.5946	39.3088
-97.7652	39.1322
-97.9927	38.8894
-98.0217	38.7124
-97.8807	38.5130
-97.7687	38.1588
-97.6840	38.0922
-97.4577	38.0032
-97.2589	38.1355
-97.0314	38.3784
-96.9170	38.6657
-96.8313	38.8647
-96.6603	39.1519
-96.4047	39.3283
-96.2898	39.7706
-96.2611	39.8590
-96.2324	39.9695
-96.2887	40.0582
-96.4309	39.9036
-96.5445	39.8375
-96.6571	40.0369
-97.1394	39.838
-97.3098        39.7286
>> MCR.1
264.217 41.4958
264.01  41.44
263.601 41.4195
263.139 41.2961
263.116 41.1248
262.961 40.8448
262.960 40.6891
263.025 40.5176
263.245 40.4391
263.574 40.4383
263.839 40.5622
263.971 40.7332
264.126 40.8418
264.368 40.9191
264.940 41.0422
265.337 41.2125
265.579 41.3676
265.866 41.4915
265.977 41.7249
266.153 41.8490
266.549 41.9726
266.726 42.1123
266.903 42.3455
266.970 42.6413
267.125 42.8590
267.236 43.1079
267.303 43.3102
267.349 43.6061
267.306 43.8087
267.087 43.9806
266.935 44.2614
267.003 44.6350
267.311 44.7744
267.598 45.0073
267.731 45.2873
267.864 45.4272
268.062 45.5669
268.283 45.6753
268.525 45.7993
268.878 46.0009
269.055 46.1874
269.253 46.3114
269.495 46.4354
269.540 46.5599
>> B2
269.590 47.7125
269.569 47.9306
268.976 47.9165
268.513 47.7464
268.271 47.5913
268.006 47.3427
267.938 47.0937
267.937 46.8600
267.981 46.7509
267.628 46.5026
267.407 46.3318
267.164 46.1455
266.987 45.8656
266.964 45.7411
266.898 45.6010
266.743 45.4613
266.523 45.3528
266.368 45.1351
266.213 44.9174
266.212 44.7617
266.298 44.3565
266.473 44.2470
266.692 44.0751
266.735 43.7946
266.711 43.5298
266.534 43.2499
266.291 43.0636
266.026 42.8151
265.453 42.4583
265.188 42.1786
264.967 41.9456
264.636 41.7907
264.217 41.4958
