266.9 48.63
267.36 48.54
267.29 48.46
267.5 48.44
267.63 48.22
267.72 48.35
267.96 48.36
268.43 48.04
269.14 48.25
269.26 48.09
270.47 48.00
269.24 47.61
267.69 46.66
268.62 46.78
269.14 46.96
269.25 46.89
269.07 46.59
269.31 46.65
269.26 46.70
269.34 46.63
269.56 46.56
270.21 46.82
270.61 46.85
271.37 47.23
271.56 46.99
271.53 46.76
271.81 46.96
271.71 46.82
272.18 46.89
272.69 46.50
272.2 45.41
271.13 44.92
270.94 44.65
270.53 44.53
270.57 45.01
270.46 45.06
269.04 44.91
268.74 45.03
268.45 45.40
268.26 45.47
267.23 44.92
267.33 45.41
266.92 46.16
266.9 46.43
266.9 48.63
360 NaN
288.08 41.08
287.38 40.91
287.73 41.16
287.38 40.98
286.39 40.91
284.04 39.60
284 39.46
284.16 39.59
284.07 39.49
284.17 39.45
283.96 39.40
284.15 39.36
283.78 39.35
283.94 39.56
283.39 39.32
282.88 38.77
282.8 38.57
282.87 38.59
282.72 38.48
282.88 38.37
282.66 38.35
282.61 36.71
281.96 35.92
282.13 35.72
281.96 35.92
281.23 35.63
278.98 34.03
278.46 33.90
277.99 33.54
277.65 33.52
276.54 32.95
275.64 32.64
274.92 32.54
273.95 32.65
272.52 33.35
272.31 34.32
271.65 35.29
271.91 35.57
271.94 36.39
271.78 36.87
271.52 37.19
271.29 37.30
270.58 37.20
270.48 37.32
269.83 37.03
269.33 36.57
268.34 35.23
267.74 34.69
266.82 34.13
265.24 34.10
264.05 34.44
263.66 34.42
263.17 34.12
262.71 32.22
262.85 31.55
262.47 30.55
262.14 30.01
261.86 29.73
261.53 29.60
260.63 29.38
259.2 29.25
259.7 28.28
260.06 27.99
260.12 27.80
260.48 27.57
260.54 27.03
260.89 26.42
261.8 26.06
262.35 26.02
262.61 25.85
262.69 25.97
262.83 25.95
262.83 26.07
262.66 25.98
262.79 26.08
262.67 26.12
262.65 26.35
262.49 26.50
262.57 26.56
262.43 26.98
262.52 27.00
262.57 27.27
262.22 27.27
262.34 27.30
262.22 27.46
262.39 27.29
262.51 27.40
262.39 27.49
262.47 27.53
262.49 27.33
262.59 27.32
262.75 27.69
262.6 27.63
262.68 27.71
262.48 27.86
262.8 27.81
262.98 28.10
262.82 27.96
262.74 28.06
262.98 28.20
263.03 28.12
263.09 28.26
263.05 28.11
263.12 28.14
263.22 28.23
263.21 28.48
263.33 28.31
263.61 28.43
263.36 28.57
263.43 28.81
263.51 28.56
263.62 28.61
263.55 28.76
263.64 28.62
263.85 28.76
263.77 28.57
264.02 28.65
263.78 28.49
264.86 29.07
264.76 29.00
264.82 29.08
264.72 29.08
264.86 29.08
264.78 29.23
264.88 29.18
265.18 29.37
265.02 29.46
265.08 29.51
264.9 29.82
265.07 29.67
265.31 29.77
265.22 29.53
265.52 29.56
265.23 29.36
265.93 29.67
266.16 29.67
266.05 29.82
266.14 29.99
266.25 29.96
266.1 29.81
266.17 29.70
266.77 29.79
267.7 29.54
267.99 29.63
267.8 29.76
268.17 29.84
268.16 29.72
268.43 29.77
268.36 29.64
268.45 29.64
268.45 29.53
268.61 29.66
268.57 29.53
268.74 29.56
268.69 29.49
268.88 29.31
269.11 29.35
269.21 29.23
269.07 29.17
269.23 29.11
269.33 29.13
269.3 29.21
269.36 29.14
269.32 29.29
269.42 29.22
269.49 29.37
269.77 29.25
269.77 29.10
269.95 29.19
269.88 29.32
269.97 29.30
269.98 29.44
269.78 29.54
269.89 29.68
269.86 29.53
270.19 29.47
270.18 29.33
270.4 29.35
270.34 29.30
270.54 29.26
270.6 29.09
270.74 29.16
270.6 28.94
270.75 29.12
270.86 28.99
270.85 29.15
270.95 29.08
270.98 29.23
270.85 29.19
270.81 29.36
270.75 29.29
270.6 29.37
270.68 29.40
270.48 29.40
270.22 29.61
270.38 29.62
270.29 29.71
270.52 29.64
270.34 29.76
270.48 29.75
270.49 29.86
270.67 29.79
270.55 29.94
270.63 29.98
270.53 29.97
270.58 30.06
270.36 29.87
270.15 30.01
269.99 29.99
270.09 29.88
269.87 29.93
269.89 30.04
270.54 30.20
270.39 30.25
270.55 30.18
270.66 30.38
270.73 30.31
271.09 30.44
271.87 30.32
271.86 30.60
271.99 30.79
272.04 30.66
272.08 30.83
272.06 30.49
272.28 30.29
271.97 30.22
272.44 30.28
272.39 30.36
272.66 30.32
272.83 30.43
272.83 30.59
272.93 30.45
272.98 30.61
273.13 30.44
272.81 30.35
273.8 30.50
273.89 30.40
273.49 30.41
274.27 30.13
274.13 30.31
274.29 30.24
274.42 30.33
274.27 30.18
274.61 30.06
274.32 30.14
274.7 29.81
274.64 29.68
275.66 29.90
275.55 30.01
275.66 29.97
275.63 30.06
275.8 30.12
276.32 29.93
276.59 29.67
276.6 29.52
276.96 29.17
277.2 29.18
277.37 28.89
277.14 27.88
277.34 27.70
277.43 27.89
277.27 27.94
277.36 27.97
277.3 28.05
277.48 27.94
277.46 27.83
277.6 27.95
277.56 27.69
277.36 27.54
277.57 27.52
277.31 27.47
277.71 26.82
277.85 26.84
277.72 27.03
277.86 26.93
278.02 27.05
277.9 26.92
277.96 26.52
278.23 26.71
277.98 26.49
278.16 26.42
278.19 26.09
278.34 25.99
278.27 25.91
278.75 25.81
278.77 25.57
278.98 25.56
278.79 25.54
279.09 25.27
279.02 25.21
278.86 25.32
278.91 25.12
279.32 25.15
279.43 25.25
279.61 25.19
279.69 25.62
279.87 25.95
279.88 25.83
279.95 26.80
279.67 27.25
279.81 27.17
279.25 28.40
279.15 28.80
279.24 28.74
278.68 29.83
278.51 30.68
278.41 30.72
278.5 30.73
278.43 30.87
278.55 30.95
278.35 30.98
278.54 31.01
278.38 31.21
278.54 31.18
278.62 31.14
278.72 31.29
278.52 31.36
278.72 31.33
278.62 31.40
278.83 31.53
278.63 31.54
278.87 31.63
278.68 31.81
278.86 31.73
278.96 31.82
278.72 31.95
279.01 31.86
278.97 32.02
279.02 31.94
279.03 32.04
279.08 31.94
279.15 32.02
278.89 32.11
279.11 32.04
279.21 32.19
279.13 32.23
279.22 32.24
279.18 32.10
279.33 32.22
279.12 32.30
279.21 32.37
279.13 32.53
279.32 32.30
279.34 32.45
279.35 32.26
279.56 32.42
279.44 32.36
279.53 32.44
279.29 32.53
279.64 32.49
279.58 32.67
279.68 32.48
279.81 32.56
279.68 32.62
279.79 32.71
279.74 32.62
279.83 32.56
280 32.61
280.12 32.70
279.98 32.84
280.07 32.78
280.07 32.94
280.08 32.83
280.2 32.93
280.14 32.76
280.43 32.92
280.42 33.01
280.62 33.01
280.72 33.12
280.65 33.15
280.81 33.17
280.73 33.39
280.82 33.44
280.73 33.32
280.85 33.32
281.19 33.74
281.64 33.95
281.98 33.89
282.04 34.19
282.11 34.07
282.32 34.38
282.62 34.52
282.56 34.75
282.68 34.55
282.85 34.76
283.04 34.71
282.92 34.84
283.04 34.71
283.3 34.72
283.31 34.80
283.38 34.71
283.38 34.81
283.5 34.72
283.65 34.87
283.7 35.01
283.55 34.91
283.53 35.07
283.51 34.96
283.41 34.99
283.48 34.89
283.38 34.98
283.23 34.86
282.87 35.07
282.96 35.10
282.91 35.17
283.2 34.97
283.46 35.15
283.26 35.15
283.53 35.26
283.02 35.39
282.84 35.57
283.42 35.39
283.27 35.52
283.51 35.57
283.56 35.50
283.42 35.50
283.5 35.37
283.6 35.46
283.59 35.35
283.84 35.33
284.11 35.63
284.26 35.62
284.25 35.88
284.15 35.97
284.14 35.86
284.01 35.89
283.96 35.65
283.83 35.70
283.96 35.68
283.87 35.79
283.94 35.77
283.93 35.98
283.26 35.94
283.29 36.28
283.08 36.39
283.31 36.29
283.29 36.11
283.41 36.01
283.69 36.09
283.54 36.20
283.76 36.09
283.7 36.21
283.93 36.15
283.82 36.32
284.08 36.16
284.03 36.32
284.2 36.07
284.07 36.42
283.91 36.50
284.08 36.47
284.1 36.55
284.26 36.05
284.46 35.81
284.01 36.92
283.88 36.86
283.7 36.97
283.72 36.84
283.6 36.82
283.65 36.92
283.44 36.80
283.51 36.96
283.33 37.05
283.33 37.18
283.06 37.24
283.12 37.32
283.35 37.23
283.57 36.97
283.72 37.10
283.64 37.05
283.66 37.18
283.55 37.15
283.61 37.21
283.3 37.42
283.51 37.25
283.62 37.28
283.52 37.32
283.55 37.46
283.73 37.31
283.75 37.47
283.49 37.55
283.71 37.56
283.46 37.62
283.18 37.91
283.64 37.61
283.72 37.78
283.56 37.88
283.72 37.82
283.77 37.89
283.51 37.94
283.39 38.15
283.3 38.07
283 38.21
282.99 38.39
282.86 38.46
282.98 38.50
283.08 38.29
283.17 38.28
283.14 38.39
283.23 38.23
283.36 38.29
283.47 38.14
283.53 38.22
283.68 38.04
283.63 38.30
283.35 38.45
283.52 38.44
283.54 38.32
283.62 38.39
283.44 38.77
283.51 38.91
283.4 38.97
283.56 38.95
283.39 39.08
283.61 39.01
283.47 39.08
283.57 39.13
283.47 39.22
283.41 39.16
283.39 39.29
283.56 39.20
283.51 39.30
283.6 39.25
283.64 39.39
283.71 39.30
283.78 39.47
283.85 39.28
283.72 39.16
283.76 39.03
283.83 39.18
283.92 39.07
283.76 38.97
283.8 38.86
283.84 38.97
283.92 38.89
283.81 38.85
283.84 38.76
283.7 38.82
283.66 38.67
283.71 38.81
283.8 38.67
283.91 38.77
283.82 38.67
283.97 38.57
283.71 38.63
283.72 38.53
283.87 38.54
283.66 38.49
283.97 38.22
284 38.38
284.05 38.25
284.11 38.38
284.09 38.25
284.21 38.26
284.05 38.13
284.22 38.17
284.12 38.08
284.25 38.09
284.11 37.96
284.36 37.94
284.24 37.90
284.34 37.84
284.18 37.79
284.24 37.71
284.06 37.56
284.15 37.55
283.97 37.31
284.05 37.12
284.1 37.37
284.9 38.33
284.81 38.43
284.93 38.45
284.91 38.32
284.95 38.45
284.94 38.62
284.72 38.59
284.91 38.63
284.85 38.69
284.94 38.63
284.92 38.80
284.7 38.92
284.6 39.26
284.41 39.46
284.48 39.72
284.46 39.46
284.86 39.18
285.08 39.17
285.03 38.97
285.12 38.96
285.35 39.31
285.59 39.36
285.52 39.41
285.59 39.56
285.7 39.51
285.85 39.71
285.9 39.92
285.82 39.94
286.03 40.33
285.65 40.47
285.81 40.60
286.15 40.65
286.24 40.62
286.07 40.56
287.26 40.77
288.08 41.08
360 NaN
286.12 41.11
286.09 41.20
285.91 41.19
285.66 40.76
284.98 40.61
284.47 40.37
283.5 40.38
282.95 40.20
282.56 39.47
282.46 39.46
281.8 38.47
281.37 38.17
281.18 37.85
280.64 37.41
279.67 36.74
279.33 36.64
278.46 35.94
278.01 35.75
277.91 35.25
277.75 35.10
277.44 34.92
277.14 34.98
276.83 34.75
276.37 34.74
275.76 34.47
275.61 34.69
275.35 34.69
275.33 34.41
275.05 34.01
274.74 34.00
274.44 33.64
273.68 33.35
273.52 33.17
273.32 33.21
273.23 33.02
273.95 32.65
274.92 32.54
275.87 32.70
277.65 33.52
277.99 33.54
278.46 33.90
279.16 34.14
279.68 34.60
280.4 34.98
281.23 35.63
281.91 35.88
282.17 36.09
282.61 36.71
282.59 38.00
282.62 38.44
282.76 38.66
283.39 39.32
284.57 39.84
285.93 40.66
286.12 41.11
360 NaN
282.93 40.19
282.51 40.04
282.36 39.35
281.19 38.15
280.23 37.42
280.13 37.23
280.28 37.16
279.92 37.26
279.18 36.87
278.52 36.80
278.02 36.52
277.94 36.26
276.57 35.85
276.21 35.85
275.94 35.53
275.48 35.32
275.3 34.92
275.35 34.69
275.61 34.69
275.76 34.47
276.37 34.74
276.83 34.75
277.06 34.95
277.44 34.92
277.75 35.10
277.91 35.25
278.01 35.75
278.46 35.94
279.33 36.64
279.67 36.74
280.64 37.41
281.87 38.53
282.46 39.46
282.57 39.48
282.93 40.19
360 NaN
286.79 43.68
286.55 43.76
286.29 43.23
286.16 43.27
286 43.13
286.13 42.53
285.88 42.00
285.99 41.94
285.88 42.00
285.68 41.88
285.44 41.49
284.72 40.96
284.43 40.87
284.27 40.92
284.2 41.25
284.55 41.61
284.47 41.63
283.78 41.17
282.99 41.33
282.45 41.20
281.88 40.88
281.6 40.61
281.19 39.60
280.71 38.95
280.48 39.05
280.21 38.57
279.66 38.04
279.58 37.57
279.18 37.41
278.71 37.40
278.59 37.26
277.3 36.86
277.15 36.91
275.89 36.45
275.83 36.10
275.31 35.88
274.84 35.40
274.64 34.80
274.77 34.81
274.66 34.55
273.65 33.82
273.42 33.81
272.77 33.23
273.23 33.02
273.32 33.21
273.52 33.17
273.68 33.35
274.44 33.64
274.74 34.00
275.05 34.01
275.3 34.29
275.39 35.18
275.62 35.43
275.94 35.53
276.21 35.85
276.57 35.85
277.94 36.26
278.02 36.52
278.4 36.74
279.18 36.87
279.92 37.26
280.14 37.23
280.23 37.42
281.19 38.15
282.36 39.35
282.51 40.04
283.24 40.33
284.22 40.39
284.22 40.51
284.88 40.75
285.15 41.00
285.33 40.94
285.5 41.29
286.37 41.70
286.5 42.71
286.65 42.99
286.59 43.39
286.79 43.43
286.79 43.68
360 NaN
287.29 45.01
286.91 44.19
287.1 43.82
286.88 43.85
286.83 43.67
286.55 43.76
286.51 44.19
286.61 44.36
286.43 44.50
286.44 44.69
286.37 44.87
286.04 44.86
284.46 44.49
284.25 44.36
284.38 44.62
285.03 44.96
287.29 45.01
360 NaN
286.12 42.57
286 43.13
285.8 43.18
285.6 43.08
284.96 43.31
284.31 44.03
284.04 43.79
284.02 43.63
284.43 43.32
284.51 43.14
283.84 43.06
283.17 42.82
281.5 42.81
281.08 42.54
278.26 41.46
277.43 40.81
277.6 40.74
277.43 40.81
277.36 40.74
277.53 40.44
277.59 39.92
277.14 39.35
276.74 39.24
276.74 38.82
276.49 38.51
276.49 38.16
276.1 37.68
275.76 37.57
275.6 36.97
274.97 36.75
274.9 36.49
274.67 36.31
274.49 35.64
273.78 35.04
273.53 34.70
273.52 34.52
273.35 34.44
272.94 34.40
272.15 34.61
272.52 33.35
272.77 33.23
273.42 33.81
273.65 33.82
274.66 34.55
274.77 34.81
274.64 34.80
274.84 35.40
275.31 35.88
275.83 36.10
275.89 36.45
278.71 37.40
279.18 37.41
279.58 37.57
279.66 38.04
280.21 38.57
280.48 39.05
280.71 38.95
281.19 39.60
281.6 40.61
281.88 40.88
282.45 41.20
282.99 41.33
283.78 41.17
284.47 41.63
284.55 41.61
284.2 41.25
284.25 41.00
284.33 40.87
284.63 40.90
285.5 41.54
285.66 41.84
285.57 41.88
285.66 41.84
285.92 42.05
286.12 42.57
360 NaN
293.01 44.82
292.79 44.91
292.96 44.96
292.83 45.16
292.65 45.12
292.53 45.26
292.57 45.58
292.2 45.68
292.21 47.06
291.77 47.35
291.11 47.18
290.96 47.26
290.95 47.42
290.77 47.45
290.02 46.69
289.95 46.43
289.72 46.19
289.69 45.97
289.81 45.91
289.33 45.59
289.28 45.48
289.37 45.39
289.2 45.43
289.12 45.23
288.99 45.34
288.55 45.24
288.49 45.01
287.29 45.01
286.91 44.19
287.11 43.75
286.88 43.85
286.82 43.48
286.59 43.39
286.65 42.99
286.5 42.71
286.37 41.70
285.5 41.29
285.33 40.94
285.15 41.00
284.88 40.75
284.19 40.44
284.47 40.37
284.98 40.61
285.66 40.76
286.01 41.23
286.13 41.04
285.97 40.69
286.35 41.00
287.11 41.31
287.47 41.25
287.65 41.27
287.62 41.36
287.68 41.28
287.89 41.31
287.9 41.39
287.99 41.31
288.52 41.37
288.62 41.85
288.7 41.65
288.88 41.82
288.8 41.45
288.93 41.60
288.92 41.51
289.07 41.54
289.09 41.67
289.13 41.58
289.29 41.74
289.36 41.66
289.54 41.76
289.46 41.93
289.3 41.99
289.4 42.00
289.28 42.20
289.11 42.30
289.04 42.23
288.98 42.37
289.16 42.49
289.08 42.54
289.41 42.63
289.18 42.70
289.11 42.82
289.29 43.04
289.08 43.04
289.12 43.13
289.33 43.07
289.68 43.56
289.81 43.57
289.72 43.65
289.91 43.85
290.05 43.86
289.97 43.75
290.06 43.86
290.01 43.73
290.11 43.88
290.15 43.71
290.22 43.75
290.12 43.97
290.22 44.07
290.23 43.76
290.34 44.02
290.4 43.81
290.47 44.03
290.45 43.84
290.62 44.08
290.69 43.94
290.83 44.07
290.74 43.92
290.88 44.00
291.05 44.33
290.96 44.40
291.17 44.48
291.18 44.67
291.3 44.51
291.18 44.38
291.28 44.47
291.34 44.37
291.25 44.42
291.18 44.31
291.49 44.23
291.43 44.41
291.54 44.38
291.52 44.50
291.59 44.40
291.81 44.52
291.95 44.34
292.04 44.41
291.98 44.49
292.06 44.41
292.1 44.50
292.1 44.40
292.22 44.61
292.26 44.50
292.42 44.53
292.45 44.66
292.8 44.64
293.01 44.82
360 NaN
284.31 44.03
284.25 44.36
284.46 44.49
286.37 44.87
286.43 44.50
286.61 44.36
286.51 44.19
286.56 44.00
286.47 43.50
286.29 43.23
285.6 43.08
284.8 43.40
284.67 43.71
284.31 44.03
360 NaN
276.74 38.89
276.69 39.12
276.05 38.85
275.65 39.08
275.19 39.13
275.07 39.04
275.14 38.83
274.5 38.75
274.49 38.58
274.24 38.34
274.07 39.19
273.54 39.32
273.05 38.87
272.92 38.55
271.86 37.98
271.66 37.77
271.03 37.58
270.57 37.60
270.79 37.26
271.29 37.30
271.6 37.11
271.94 36.39
271.91 35.57
271.65 35.29
272.15 34.61
272.94 34.40
273.52 34.52
273.53 34.70
273.78 35.04
274.49 35.64
274.67 36.31
274.9 36.49
274.97 36.75
275.6 36.97
275.73 37.56
276.1 37.68
276.49 38.16
276.48 38.46
276.74 38.89
360 NaN
284.46 43.29
284.02 43.63
284.04 43.79
284.31 44.01
284.22 44.43
283.63 44.11
283.69 44.01
283.89 44.05
283.8 43.97
283.95 44.00
283.7 43.85
283.82 43.57
283.08 43.22
282.01 43.37
280.94 43.27
280.94 43.09
281.11 43.05
281.14 42.79
280.32 42.30
278.64 41.72
278.25 41.49
277 41.43
277.3 41.54
277.01 41.53
276.52 41.73
276.81 42.01
276.89 42.29
277.11 42.39
277.18 42.64
277.48 42.63
277.58 42.97
277.38 43.79
277.06 44.07
276.59 43.92
276.66 43.89
276.35 43.61
276.08 43.68
276.15 44.00
276.41 44.06
276.47 44.26
276.66 44.33
276.72 44.70
276.54 45.00
276.61 45.08
276.73 45.03
276.68 45.15
276.5 45.36
275.89 45.50
275.79 45.63
275.03 45.77
274.88 45.53
275.08 45.41
274.63 45.27
274.47 44.76
274.52 44.99
274.4 44.78
274.35 44.87
274.45 45.21
273.74 44.70
273.8 44.36
273.49 44.08
273.6 43.77
273.46 43.66
273.66 43.24
273.75 43.25
273.66 43.23
273.75 43.07
273.82 43.12
273.85 43.04
273.75 43.06
273.72 42.42
273.38 41.91
272.89 41.65
272.61 41.63
272.19 42.22
272.24 42.78
272.1 43.26
272.69 44.79
272.58 44.89
272.39 44.84
272.07 44.54
271.96 44.57
273.03 45.92
273.03 45.67
273.16 45.72
273.22 45.86
273.45 45.90
273.28 45.68
273.39 45.61
273.74 45.95
274.34 45.97
274.48 46.10
274.98 46.01
275.24 45.84
275.34 46.05
276.09 45.96
275.97 46.13
275.75 46.17
275.82 46.25
275.69 46.49
275.43 46.41
274.98 46.48
275.05 46.77
273.85 46.67
273.36 46.42
272.69 46.50
272.2 45.41
271.13 44.92
270.94 44.65
270.53 44.50
270.57 45.01
270.46 45.06
269.04 44.91
268.74 45.03
268.45 45.40
268.26 45.47
267.23 44.92
267.33 45.41
266.92 46.16
266.9 46.43
266.9 48.63
266.22 48.51
266.16 48.62
265.43 48.71
265.31 48.78
265.17 49.33
264.85 49.37
264.84 49.00
257 49.00
258.01 48.28
259.03 48.00
261.12 46.99
261.22 46.39
260.94 44.99
261.07 44.20
262.61 41.89
262.92 40.97
263 40.26
262.83 39.77
262.87 39.26
262.3 38.58
262.21 38.24
261.99 38.10
262.26 37.68
262.22 37.42
261.25 36.94
260.78 36.88
260.35 36.68
260.26 36.42
259.84 36.03
259.98 35.61
259.89 35.18
259.68 34.78
259.15 34.38
259.37 33.82
258.82 33.44
258.56 32.73
258.66 32.47
259.8 32.47
261.39 32.03
261.57 32.05
261.63 32.37
261.8 32.51
262.81 32.61
263.17 34.12
263.46 34.35
263.9 34.43
264.71 35.94
264.77 36.25
265.18 36.66
265.43 37.17
266 37.52
266.25 38.11
267.09 38.99
267.01 39.02
267.86 38.78
268.44 38.86
269.37 38.72
269.56 38.45
269.72 38.64
269.55 38.44
269.6 38.27
270.57 37.60
271.03 37.58
271.66 37.77
271.86 37.98
272.92 38.55
273.05 38.87
273.54 39.32
274.07 39.19
274.16 38.54
274.32 38.34
274.5 38.75
275.14 38.83
275.07 39.04
275.19 39.13
275.65 39.08
276.14 38.85
276.68 39.11
276.74 39.24
277.14 39.35
277.59 39.92
277.53 40.44
277.36 40.74
278.33 41.49
281.08 42.54
281.5 42.81
283.17 42.82
283.84 43.06
284.51 43.14
284.46 43.29
360 NaN
262.98 40.32
262.92 40.97
262.61 41.89
261.07 44.20
260.96 45.32
261.22 46.59
261.12 46.99
260.96 47.09
259.03 48.00
258.01 48.28
257 49.00
246.45 49.00
246.82 48.41
247.33 48.09
247.58 47.43
248.4 47.19
249.35 47.12
249.89 46.81
249.95 46.71
249.73 46.47
249.86 45.74
249.96 45.68
250.61 45.45
251.74 45.32
252.94 44.69
253.27 44.16
253.3 43.81
253.24 43.55
253.03 43.34
253.36 42.85
253.59 42.73
253.96 42.83
254.29 42.72
254.63 42.42
254.9 42.61
254.63 42.42
254.8 42.09
254.9 41.10
254.73 40.06
255.22 38.80
255.16 38.62
254.63 38.50
255.11 37.85
255.01 37.77
254.8 37.88
254.7 37.79
254.97 37.22
254.81 36.61
254.77 35.49
254.37 35.26
254.46 34.72
254.36 34.25
254.88 33.42
255.17 31.99
255.55 31.52
256.24 30.88
257.19 30.53
257.66 29.87
258.6 29.77
258.74 29.53
259.2 29.25
260.63 29.38
261.53 29.60
261.86 29.73
262.14 30.01
262.47 30.55
262.85 31.55
262.71 32.22
262.81 32.61
261.8 32.51
261.63 32.37
261.57 32.05
261.39 32.03
259.8 32.47
258.66 32.47
258.56 32.73
258.86 33.51
259.37 33.82
259.15 34.38
259.68 34.78
259.89 35.18
259.98 35.61
259.76 35.96
260.12 36.25
260.35 36.68
260.78 36.88
261.25 36.94
262.22 37.42
262.26 37.68
261.99 38.10
262.21 38.24
262.3 38.58
262.87 39.26
262.83 39.77
262.98 40.32
360 NaN
270.75 37.32
270.64 37.55
269.6 38.27
269.37 38.72
268.44 38.86
267.86 38.78
267.34 38.99
267.09 38.99
266.25 38.11
266 37.52
265.43 37.17
265.18 36.66
264.77 36.25
264.64 35.82
264.71 35.79
265.51 35.62
266.71 35.54
268.6 35.61
269.33 36.57
269.83 37.03
270.3 37.29
270.48 37.32
270.67 37.20
270.75 37.32
360 NaN
268.54 35.61
266.71 35.54
265.51 35.62
264.64 35.82
263.9 34.43
264.82 34.18
265.24 34.10
266.82 34.13
267.83 34.76
268.34 35.23
268.54 35.61
360 NaN
253.59 42.73
253.96 42.83
254.29 42.72
254.58 42.51
254.8 42.09
254.89 41.00
254.74 39.95
255.22 38.80
255.16 38.62
254.63 38.50
255.11 37.85
255.01 37.77
254.8 37.88
254.7 37.79
254.97 37.22
254.81 36.61
254.77 35.49
254.54 35.41
254.1 35.55
254.04 35.77
253.21 35.67
253.21 36.32
253.66 36.48
253.66 36.70
253.43 37.06
253 37.39
252.87 37.51
251.95 37.54
252.04 38.08
252.47 38.28
252.53 38.94
252.71 39.26
252.62 39.49
252.24 39.67
252.14 39.86
252.7 40.15
253.22 39.82
253.4 39.85
253.23 40.19
253.26 40.51
252.85 41.16
252.91 41.33
253.64 41.04
253.43 41.50
253.75 41.65
254.02 41.38
254.14 41.07
254.5 41.27
254.38 42.06
253.59 42.73
360 NaN
253.03 43.34
253.36 42.85
254.09 42.38
254.38 42.06
254.5 41.27
254.14 41.07
254.02 41.38
253.75 41.65
253.43 41.50
253.64 41.04
252.91 41.33
252.89 41.06
253.26 40.51
253.33 39.81
252.7 40.15
252.14 39.86
251.99 40.20
251.48 40.41
251.48 40.58
251.22 40.65
251.3 40.81
251 41.01
249.91 41.06
249.35 40.93
249.62 41.75
249.65 42.69
249.48 43.11
249.51 43.29
250.21 43.04
251.17 42.42
251.54 42.34
251.69 42.44
251.69 42.60
250.13 43.74
250.5 43.78
251.47 43.39
253.03 43.34
360 NaN
249.86 45.77
250.46 45.49
251.74 45.32
252.47 45.01
252.94 44.69
253.27 44.16
253.24 43.55
252.86 43.28
251.47 43.39
250.5 43.78
250.13 43.74
251.69 42.60
251.69 42.44
251.54 42.34
251.17 42.42
250.21 43.04
249.51 43.29
249.48 43.11
249.65 42.69
249.62 41.75
249.32 41.00
250.31 40.98
251.21 40.94
251.3 40.81
251.22 40.65
251.48 40.58
251.49 40.41
251.09 40.28
250.85 40.33
250.85 40.51
249.96 40.54
249.2 40.34
248.91 40.37
248.85 40.25
248.95 39.99
248.46 39.72
248.5 40.12
248.32 40.47
248.04 41.61
248.31 41.82
248.27 42.36
248.65 42.76
248.27 43.37
248.83 44.09
248.83 44.28
248.66 44.42
249.31 44.93
249.19 45.27
249.48 45.67
249.86 45.77
360 NaN
240.33 49.00
246.45 49.00
246.82 48.41
247.33 48.09
247.58 47.43
248.4 47.19
249.35 47.12
249.89 46.81
249.95 46.71
249.73 46.47
249.86 45.77
249.48 45.67
249.19 45.27
249.33 44.98
249.25 44.85
248.66 44.42
248.08 44.41
247.15 43.94
247.06 43.66
246.7 43.67
246.37 43.45
245.82 43.45
244.73 43.18
244.45 43.25
244.06 43.57
243.84 43.88
243.75 44.62
243.33 45.00
243.27 45.36
243.3 45.46
243.96 45.85
244.06 46.25
243.29 46.85
243.17 47.43
242.94 47.55
242.77 47.84
241.71 47.88
241.34 47.95
241.05 48.16
240.27 48.17
240.47 48.65
240.33 49.00
360 NaN
248.84 44.20
248.65 44.43
248.08 44.41
247.15 43.94
247.06 43.66
246.79 43.69
246.37 43.45
245.82 43.45
244.87 43.19
244.45 43.25
243.91 43.76
243.75 44.62
243.3 45.08
243.27 45.56
243.32 45.48
243.85 45.74
244.11 46.15
243.96 46.39
243.29 46.85
243.17 47.43
242.94 47.55
242.77 47.84
241.71 47.88
241.34 47.95
241.05 48.16
240.27 48.17
240.13 47.85
239.92 47.80
239.81 47.34
239.32 47.10
239.46 46.89
239.26 46.75
239.03 46.20
238.5 45.71
238.62 45.35
238.49 44.99
238.57 44.58
238.42 44.34
238.14 43.12
241.26 42.95
241.8 42.73
242.56 42.02
243.19 41.71
243.64 41.74
244.13 41.57
244.73 41.67
245.2 41.56
245.74 41.85
246.14 41.92
246.57 42.36
248.33 43.42
248.74 43.86
248.84 44.20
360 NaN
253.66 36.67
253.43 37.06
252.87 37.51
251.95 37.51
252 38.02
252.47 38.28
252.5 38.94
252.71 39.26
252.56 39.56
252.2 39.71
252.11 40.03
251.87 40.30
251.49 40.41
251.09 40.28
250.85 40.33
250.85 40.51
249.96 40.54
249.2 40.34
248.91 40.37
248.85 40.25
248.95 39.99
248.53 39.72
248.4 39.76
248.03 39.17
247.6 38.75
247.36 38.21
246.81 37.48
246.7 37.05
246.16 36.63
246.05 36.29
245.99 35.86
246.78 35.43
247.06 35.10
248.11 34.92
248.42 34.53
249.42 34.22
250.12 34.18
251.08 33.75
251.28 33.76
252.68 34.27
253.16 35.30
253.18 36.26
253.61 36.44
253.66 36.67
360 NaN
257.65 29.88
257.19 30.53
256.24 30.88
255.85 31.17
255.57 31.10
255.85 31.17
255.17 31.99
254.88 33.42
254.36 34.25
254.46 34.72
254.37 35.26
254.59 35.42
254.1 35.55
254.04 35.77
253.21 35.67
253.13 35.22
252.58 34.18
251.08 33.75
250.26 34.13
249.42 34.22
248.42 34.53
248.2 34.88
247.36 35.10
247.16 35.06
246.78 35.43
245.99 35.86
246.16 36.63
246.7 37.05
246.81 37.48
247.31 38.11
247.6 38.75
248.03 39.17
248.49 39.92
248.04 41.61
248.31 41.82
248.27 42.36
248.65 42.76
248.27 43.37
246.57 42.36
246.16 41.94
245.74 41.85
245.2 41.56
244.63 41.67
244.13 41.57
243.64 41.74
243.19 41.71
242.56 42.02
241.86 42.68
241.26 42.95
238.14 43.12
238.03 42.38
238.21 42.16
238.2 41.93
238.41 41.78
238.73 41.20
238.82 40.60
239.05 40.36
239.41 40.29
239.91 39.94
240.05 39.64
240.26 39.48
240.33 38.93
240.61 38.53
240.86 38.45
240.86 38.01
241.74 37.07
242.13 35.81
241.94 35.50
241.95 35.16
241.33 34.77
242.54 34.37
242.96 34.38
244.2 34.02
244.16 33.90
243.52 33.93
243.42 33.85
243.92 33.41
243.92 33.24
243.55 33.06
244.09 32.64
245.28 32.72
245.18 32.49
248.93 31.34
249.39 31.34
249.35 31.42
249.39 31.34
251.79 31.34
251.8 31.79
253.56 31.77
253.79 31.48
255.08 30.60
255.46 29.68
255.95 29.33
256.23 29.28
256.72 28.99
256.85 28.98
257.13 29.23
257.32 29.74
257.61 29.77
257.65 29.88
360 NaN
242.13 35.87
241.74 37.07
240.86 38.01
240.86 38.45
240.61 38.53
240.33 38.93
240.26 39.48
240.05 39.64
239.91 39.94
239.41 40.29
238.98 40.36
238.82 40.60
238.73 41.20
238.49 41.67
238.2 41.93
238.21 42.16
238.03 42.38
237.41 42.17
238.03 42.38
238.17 43.36
238.57 44.58
238.49 44.99
238.62 45.35
238.5 45.71
239.03 46.20
239.26 46.75
239.46 46.89
239.32 47.10
239.81 47.34
239.92 47.80
240.21 47.96
240.47 48.65
240.33 49.00
237.85 49.00
237.74 48.73
237.94 48.58
237.87 48.41
238.35 47.89
238.24 47.72
238.3 47.61
238.06 47.52
238.22 47.38
238.17 47.13
237.9 46.87
237.3 46.72
237.58 46.36
237.71 45.76
237.68 45.48
237.23 44.83
237.35 44.72
237.26 44.55
237.02 44.30
237.08 44.08
236.99 44.02
236.96 43.52
237.28 42.85
237.15 42.41
237.41 42.17
237.68 41.34
238.08 41.15
238.09 40.84
237.92 40.62
237.96 40.30
238.18 39.91
238.72 39.40
239.14 38.00
239.7 37.70
241.06 36.26
240.98 35.74
241.28 35.47
241.34 35.05
241.11 34.96
241.13 34.87
241.33 34.77
241.93 35.18
241.94 35.50
242.13 35.87
360 NaN
244.21 34.01
243.65 34.23
242.54 34.37
241.13 34.87
241.11 34.96
241.34 35.05
241.28 35.47
240.98 35.74
241.09 36.14
241 36.37
239.7 37.70
239.14 38.00
238.72 39.40
238.18 39.91
237.96 40.30
237.91 40.65
238.09 40.84
238.08 41.15
237.68 41.34
237.41 42.17
237.18 42.32
237.14 42.51
237.28 42.85
236.96 43.52
236.94 43.81
237.08 44.08
237.02 44.30
237.35 44.72
237.23 44.83
237.68 45.48
237.58 46.36
237.32 46.78
237.9 46.87
238.2 47.20
238.22 47.38
238.06 47.52
238.3 47.61
238.31 47.99
237.87 48.41
237.94 48.58
237.74 48.73
237.85 49.00
237.18 48.94
237.34 48.71
237.51 48.75
237.57 48.60
237.44 48.57
237.53 48.46
237.3 48.49
237.62 48.31
237.46 48.24
237.49 48.13
237.64 48.06
237.51 48.18
237.6 48.23
237.86 48.01
237.7 47.95
237.56 47.66
237.7 47.52
237.6 47.58
237.67 47.34
237.58 47.26
237.45 47.32
237.27 47.08
237.18 47.17
237.01 47.03
237.07 47.17
236.92 47.09
237.05 47.20
236.93 47.20
237.06 47.20
237.17 47.40
237.24 47.16
237.26 47.34
237.37 47.40
237.31 47.28
237.45 47.28
237.5 47.51
237.44 47.58
237.31 47.53
237.29 47.61
237.39 47.57
237.34 47.74
237.53 47.75
237.47 47.91
237.37 47.93
237.44 47.82
236.9 47.42
236.96 47.36
237.17 47.44
236.87 47.34
237.07 48.10
237 48.03
236.82 48.14
236.89 48.18
235.96 48.17
235.27 48.37
235.33 47.96
235.58 47.74
235.83 46.93
235.89 47.04
236.11 46.94
236.86 46.98
236.11 46.94
235.97 46.82
235.86 46.90
235.91 46.73
236.23 46.68
236.07 46.67
236.06 46.48
236.16 46.41
236.07 46.45
236.04 46.37
235.93 46.64
235.92 46.27
236.29 46.31
236.69 46.16
236.48 46.24
236.14 46.19
236.2 46.11
235.99 46.22
236.08 46.01
236.02 45.76
236.12 45.69
236.05 45.57
236.14 45.50
236.02 45.49
236.07 45.17
235.92 44.68
236.07 44.58
235.94 44.61
235.91 44.43
235.99 44.41
235.91 44.41
235.87 44.02
235.97 43.98
235.86 44.01
235.8 43.68
236.08 43.67
235.79 43.66
235.67 43.36
235.77 43.47
235.84 43.36
235.62 43.34
235.53 42.99
235.8 42.98
235.53 42.99
235.44 42.83
235.6 42.62
235.58 42.25
235.82 41.93
235.76 41.78
235.96 41.54
235.78 40.77
235.92 40.83
235.61 40.44
235.65 40.25
236.16 39.83
236.28 38.92
237.19 38.07
237.02 38.24
236.99 37.99
237.08 38.08
237.52 37.82
237.47 38.15
237.75 38.07
237.68 38.21
237.88 38.04
237.95 38.14
238.11 38.05
238.34 38.17
238.24 38.04
238.45 38.14
238.54 38.03
237.65 38.01
237.69 37.78
238.02 37.46
237.64 37.61
237.6 37.81
237.5 37.78
237.5 37.52
237.69 37.11
238.28 36.84
238.04 36.58
238.12 36.31
238.52 35.99
238.73 35.66
239.12 35.43
239.14 35.21
239.36 35.14
239.36 34.57
239.54 34.44
240.52 34.38
240.88 34.10
241.46 34.04
241.59 33.74
241.87 33.77
242.12 33.65
242.59 33.23
242.76 33.37
243.12 33.39
243.55 33.06
243.92 33.24
243.92 33.41
243.43 33.79
243.43 33.91
244.16 33.90
244.21 34.01
360 NaN
243.55 33.06
244.09 32.64
242.87 32.54
242.77 32.69
242.89 32.60
242.88 32.68
242.75 32.68
242.59 33.23
242.76 33.37
243.12 33.39
243.55 33.06
