-117.11 32.889 79.6098 1.58333
-113.77 32.768 74 1.08
-111.7 32.562 -76 0.93
-109.97 32.64 46 1.39
-105.45 32.7 25.5 1.065
-104.66 32.659 8 1.4
-104.02 32.646 72 1.9
-112.81 31.956 61 1.55
-110.82 31.775 14 2.25
-110.05 31.974 51.4842 1.6825
-109.26 31.999 45 2.38
-108.53 31.904 31 1.52
-106.43 32.006 27.5 1.665
-104.82 32.11 21 1.3
-109.99 31.439 68 0.88
-109.28 31.376 54.9585 1.34333
-104.97 31.371 56 1.18
-103.98 31.316 33 1.45
-103.4 30.85 43 1.1
-102.68 30.726 47 1.55
-122.71 48.72 73.5211 1.5125
-122.09 48.998 63.5 1.95
-121.48 49.098 74 1.76
-120.38 49.048 46 1.375
-118.59 48.975 52.1567 1.41667
-117.56 48.981 40 1.55
-116.36 48.958 54.1796 1.4275
-115.65 48.934 35.4987 1.6525
-114.41 48.933 65.8208 1.78833
-113.42 48.973 54 1.08
-110.7 48.945 40 1.52
-109.85 48.92 42 1.3
-122.1 48.264 90 1.48
-121.48 48.518 67 1.08
-120.12 48.461 -90 1.77
-119.33 48.358 58.2461 2.004
-118.15 48.423 59.5526 1.64
-117.23 48.299 87 1.52
-116.37 48.437 75.5009 1.608
-115.59 48.469 49 1.695
-114.47 48.374 57.766 1.5325
-112.56 48.313 67 1.715
-111.71 48.413 45 1.45
-110.8 48.292 50 1.08
-122.17 37.131 69 2.4
-121.69 47.695 71.0226 1.25
-120.89 47.923 58.1568 1.395
-120.06 47.69 -87.5378 2.1375
-119.05 47.785 88.7824 1.912
-118.27 47.801 88.5504 1.9175
-117.31 47.819 78.8849 2.00143
-116.26 47.84 82.1399 1.6325
-115.47 47.709 -83 1.7
-114.57 47.68 51 1.75
-113.75 47.769 53.5 1.265
-112.61 47.775 60 1.375
-110.76 47.633 59 0.98
-123.77 47.116 -82 1.6
-122.8 47.111 33 1.65
-121.99 47.188 69.3345 1.745
-120.84 47.193 -85 1.93
-118.92 47.057 -60.3405 1.86667
-118.31 47.062 68 1.865
-116.34 47.048 90 2.115
-114.46 47.094 55 1.23
-113.51 47.082 75.8689 1.522
-112.52 47.042 57.7143 1.66556
-123.56 46.546 61 1.95
-119.85 46.558 -50.3264 1.15
-119.06 46.491 -55.3271 1.31
-118.15 46.514 -80.3814 1.5525
-113.49 46.416 81.5 1.15
-112.64 46.425 87.8806 1.64333
-111.68 46.534 64 1.615
-110.86 46.462 54 1.585
-109.91 46.566 43 2.08
-120.73 40.618 81.2149 1.86
-121.46 45.884 -58 1.6
-119.93 45.895 -38 1.38
-117.91 45.709 85 1.48
-116.15 45.888 -82.5 1.675
-114.33 45.789 47 1.7
-112.49 45.841 56 2.03
-111.63 45.784 74 1.35
-109.72 45.905 46 1.93
-123.28 45.315 81 1.33
-122.48 45.206 84.8887 1.34667
-121.32 45.242 -85 1.755
-120.64 45.236 -59 0.73
-117.78 45.278 50 1.98
-115.33 45.128 85 1.05
-114.23 45.093 69 1.27
-112.49 45.166 59.081 1.48
-111.8 45.229 31.5 1.6
-110.74 45.321 -89.6158 1.96
-123.29 44.676 78.3313 1.62333
-122.19 44.684 82.4733 2.085
-118.67 44.519 56.3561 1.8
-114.86 44.549 68 1.18
-114.25 44.564 72 1.3
-113.37 44.617 88 2.25
-112.64 44.617 59.168 1.68333
-111.25 44.704 85 1
-121.46 40.816 60.1114 1.35
-123.83 44.004 76 1.18
-123.28 43.973 44.2859 1.968
-122.41 43.794 70.7003 1.77667
-121.27 44.163 83.3879 1.8925
-120.21 43.944 69 1.9
-118.57 43.91 79 1.85
-117.74 43.973 40 1.45
-116.8 44.086 -72.3944 1.51857
-115.96 43.912 -79.564 1.84889
-115.13 43.794 78.73 1.795
-114.12 43.915 73.6797 2.00714
-113.45 43.929 46.6668 1.63333
-112.49 44 58.3798 1.69333
-111.49 43.876 49 1.4
-110.58 43.92 73 1.58
-123.57 43.365 69.4071 1.84333
-122.96 43.372 60.3395 2.105
-122.11 43.241 52.5 1.575
-121.24 43.284 87 1.95
-120.15 43.251 -85.8692 1.795
-119.31 43.374 -81.4719 1.86
-118.47 43.358 -89.8788 2.08
-117.75 43.347 73.1805 2.24
-116.77 43.428 85.272 1.97444
-115.83 43.415 -82.8714 1.844
-115.1 43.25 86.5886 1.656
-114.17 43.398 70.6086 1.79833
-113.52 43.323 69 1.52
-112.43 43.4 52 0.9
-111.61 43.274 64.5 1.84
-124.47 42.809 65.5 1.825
-123.49 42.767 55.6022 1.91
-121.73 42.613 68 1.65
-120.25 42.799 87.0756 2.16125
-119.25 42.691 86.1082 1.98444
-118.49 42.731 75.2866 2.06286
-117.73 42.7 89.8258 1.8525
-116.87 42.778 -71.6235 1.72
-116.03 42.771 -77.4897 1.48286
-114.9 42.636 -78 0.95
-114.08 42.649 -81.0118 1.23
-112.53 42.685 40.5 1.98
-110.92 42.751 54 1.88
-123.6 42.156 51.9863 1.67
-121.89 42.175 33 1.52
-120.83 42.047 63.069 1.445
-119.34 42.019 -84.5412 1.732
-118.34 42.19 -80 2.325
-117.67 42.019 -82.9762 2.0475
-116.47 42.077 -62.717 1.79444
-115.75 42.167 -68.7202 1.694
-115.02 42.146 -69.8533 1.508
-113.94 42.089 -69 1
-113.24 42.034 -83 1.3
-111.43 42.015 67 1.325
-108.34 42.007 -85 1.62
-106.43 42.031 -68 1.45
-120.74 38.755 83 1.68
-122.85 41.392 83.3717 2.03333
-122.12 41.274 78 1.8
-121.84 41.783 45 1.6
-121.15 41.359 54.5 1.25
-120.48 41.205 66.5999 1.82
-119.17 41.388 85.9217 2.045
-118.38 41.448 86.7735 1.95167
-117.45 41.423 87.5018 1.7625
-116.54 41.522 -82.252 1.548
-115.79 41.431 85.4424 1.552
-113.35 41.503 -74 1.08
-110.67 41.473 -18 1.4
-107.36 41.607 -48 1.3
-106.6 41.403 -65 1.55
-123.31 40.822 37 1.93
-119.83 40.748 61.0709 1.7025
-118.97 40.78 -86 2.38
-118.13 40.781 -89.2421 2.1175
-117.52 40.852 -86 1.77
-116.51 40.719 -85.5 1.45
-115.04 40.852 -89.7554 1.57
-114.2 40.856 -87 2
-104.09 40.813 89.5 1.7
-121.09 40.32 71.4243 1.916
-116.5 40.292 89 2.05
-114.75 40.268 -50 0.68
-113.98 40.131 1 2.12
-107.47 40.215 60 1.33
-106.55 40.162 -86 1.975
-105.92 40.211 64 1.25
-105.07 40.123 -70 1.2
-104.12 40.113 62 1.2
-118.08 39.695 -87 1.12
-116.46 39.62 -72 2.23
-114.02 39.455 -20 1.33
-113.07 39.591 10.5 1.15
-106.76 39.595 49 1.52
-121.38 38.839 -88.3008 2.20833
-118.81 38.938 38 1.2
-117.18 38.834 84 1.75
-112.38 39 19 1.52
-120.94 38.257 -81.2484 2.24
-120.08 38.703 -89 1.48
-119.45 38.523 57.9138 1.536
-119.05 38.089 51.8463 1.93333
-111.48 38.284 -29 1.25
-110.71 38.419 8.5 1.275
-109.26 38.292 72 1.18
-121.33 37.505 68 1.93
-120.33 37.346 83.4015 2.016
-118.17 37.499 66 1.45
-114.85 37.608 58 0.88
-113.86 37.581 40 0.78
-110.8 37.635 57 0.95
-109.14 37.746 61 0.9
-106 37.706 42 2.38
-119.71 37.007 83.1443 1.96667
-111.51 36.984 61 1.56
-109.87 37.136 40 1.27
-109.02 36.83 61 1.83
-114.54 36.432 61 1.175
-113.18 36.418 29.4045 1.43333
-111.13 36.143 73 2.2
-109.87 36.42 66 1.23
-121.24 36.021 89 1.33
-119.9 35.867 78.5 1.955
-115.43 35.838 87 1.4
-114.85 35.727 37 1.98
-113.98 35.852 40.5 1.565
-113.11 35.634 59 1.58
-112.17 35.819 59.4181 1.6575
-109.05 35.715 33.5 1.6
-108.47 35.799 -61 1.18
-107.64 35.805 74 1.05
-114.87 35.301 64.5 1.84
-113.89 35.099 25 1.555
-113.08 35.213 66 1.83
-112.27 35.179 20.6389 1.56667
-109.39 35.112 34 1.65
-105.41 35.211 47 1.26
-112.89 34.469 73.0049 1.45333
-112.24 34.487 37 1.105
-111.44 34.418 59 1.68
-109.95 34.529 69 1.27
-106.19 34.581 50 1.62
-114.52 33.75 74 0.9
-113.83 33.814 43 2
-113 33.938 -77 1.43
-112.33 33.953 68.3329 1.86667
-111.48 33.88 44 1.95
-110.84 33.695 39.0807 1.72667
-110.03 33.778 44.9905 1.6725
-109.25 33.957 27.5 1.815
-108.38 33.909 47 1.4
-107.67 34.009 60 1.8
-106.97 33.937 56.5 1.115
-106.92 34.074 49 1.085
-106.92 34.074 58.5 1.215
-103.82 33.923 20 1.02
-113.66 33.2 89 1.12
-110.47 33.297 16.5574 1.65333
-110.04 33.085 18 1.91
-109.27 33.292 50.5 1.71
-107.67 33.309 50.5 1.375
-106.96 33.256 50 1.68
