-113.000000 40.000000 0.014730
-113.000000 40.200000 0.017715
-113.000000 40.400000 0.014836
-113.000000 40.600000 0.013169
-113.000000 40.800000 0.013006
-113.000000 41.000000 0.007847
-113.000000 41.200000 0.004631
-113.000000 41.400000 0.003508
-113.000000 41.600000 0.002471
-113.000000 41.800000 0.003942
-113.000000 42.000000 0.003160
-113.000000 42.200000 0.001586
-113.000000 42.400000 0.002289
-113.000000 42.600000 0.004196
-113.000000 42.800000 0.002832
-113.000000 43.000000 0.006943
-113.000000 43.200000 0.007069
-113.000000 43.400000 0.006640
-113.000000 43.600000 0.008152
-113.000000 43.800000 0.003746
-113.000000 44.000000 0.004171
-113.000000 44.200000 0.002458
-113.000000 44.400000 0.000791
-113.000000 44.600000 0.001337
-113.000000 44.800000 0.002891
-113.000000 45.000000 0.005464
-112.800000 40.000000 0.011732
-112.800000 40.200000 0.013048
-112.800000 40.400000 0.010420
-112.800000 40.600000 0.010401
-112.800000 40.800000 0.008361
-112.800000 41.000000 0.003781
-112.800000 41.200000 0.000619
-112.800000 41.400000 0.002792
-112.800000 41.600000 0.003790
-112.800000 41.800000 0.003939
-112.800000 42.000000 0.004142
-112.800000 42.200000 0.002968
-112.800000 42.400000 0.002842
-112.800000 42.600000 0.004512
-112.800000 42.800000 0.005802
-112.800000 43.000000 0.005852
-112.800000 43.200000 0.004616
-112.800000 43.400000 0.004531
-112.800000 43.600000 0.007760
-112.800000 43.800000 0.004259
-112.800000 44.000000 0.004678
-112.800000 44.200000 0.003708
-112.800000 44.400000 0.002312
-112.800000 44.600000 0.001388
-112.800000 44.800000 0.003001
-112.800000 45.000000 0.002811
-112.600000 40.000000 0.006174
-112.600000 40.200000 0.008559
-112.600000 40.400000 0.006487
-112.600000 40.600000 0.004976
-112.600000 40.800000 0.008565
-112.600000 41.000000 0.002028
-112.600000 41.200000 0.004941
-112.600000 41.400000 0.001959
-112.600000 41.600000 0.007167
-112.600000 41.800000 0.009227
-112.600000 42.000000 0.004670
-112.600000 42.200000 0.005019
-112.600000 42.400000 0.006230
-112.600000 42.600000 0.002836
-112.600000 42.800000 0.002173
-112.600000 43.000000 0.002198
-112.600000 43.200000 0.001927
-112.600000 43.400000 0.004072
-112.600000 43.600000 0.002347
-112.600000 43.800000 0.001664
-112.600000 44.000000 0.004896
-112.600000 44.200000 0.003417
-112.600000 44.400000 0.001526
-112.600000 44.600000 0.003003
-112.600000 44.800000 0.002267
-112.600000 45.000000 0.002999
-112.400000 40.000000 0.005163
-112.400000 40.200000 0.008669
-112.400000 40.400000 0.004424
-112.400000 40.600000 0.002464
-112.400000 40.800000 0.006093
-112.400000 41.000000 0.001294
-112.400000 41.200000 0.005465
-112.400000 41.400000 0.008593
-112.400000 41.600000 0.008908
-112.400000 41.800000 0.010073
-112.400000 42.000000 0.010764
-112.400000 42.200000 0.007839
-112.400000 42.400000 0.007830
-112.400000 42.600000 0.008964
-112.400000 42.800000 0.004866
-112.400000 43.000000 0.004469
-112.400000 43.200000 0.004659
-112.400000 43.400000 0.004083
-112.400000 43.600000 0.004378
-112.400000 43.800000 0.003686
-112.400000 44.000000 0.003807
-112.400000 44.200000 0.004776
-112.400000 44.400000 0.004692
-112.400000 44.600000 0.002955
-112.400000 44.800000 0.005305
-112.400000 45.000000 0.004107
-112.200000 40.000000 0.003274
-112.200000 40.200000 0.005241
-112.200000 40.400000 0.002946
-112.200000 40.600000 0.002320
-112.200000 40.800000 0.001304
-112.200000 41.000000 0.003856
-112.200000 41.200000 0.009023
-112.200000 41.400000 0.011711
-112.200000 41.600000 0.014106
-112.200000 41.800000 0.013796
-112.200000 42.000000 0.013598
-112.200000 42.200000 0.013186
-112.200000 42.400000 0.011732
-112.200000 42.600000 0.009333
-112.200000 42.800000 0.009846
-112.200000 43.000000 0.009917
-112.200000 43.200000 0.006187
-112.200000 43.400000 0.007078
-112.200000 43.600000 0.008754
-112.200000 43.800000 0.004928
-112.200000 44.000000 0.006109
-112.200000 44.200000 0.006357
-112.200000 44.400000 0.006547
-112.200000 44.600000 0.004559
-112.200000 44.800000 0.002382
-112.200000 45.000000 0.005963
-112.000000 40.000000 0.002589
-112.000000 40.200000 0.004167
-112.000000 40.400000 0.003927
-112.000000 40.600000 0.004154
-112.000000 40.800000 0.001972
-112.000000 41.000000 0.006793
-112.000000 41.200000 0.010040
-112.000000 41.400000 0.006938
-112.000000 41.600000 0.012159
-112.000000 41.800000 0.012710
-112.000000 42.000000 0.010433
-112.000000 42.200000 0.013206
-112.000000 42.400000 0.012238
-112.000000 42.600000 0.007539
-112.000000 42.800000 0.008079
-112.000000 43.000000 0.007564
-112.000000 43.200000 0.007794
-112.000000 43.400000 0.006227
-112.000000 43.600000 0.007344
-112.000000 43.800000 0.007892
-112.000000 44.000000 0.010218
-112.000000 44.200000 0.007921
-112.000000 44.400000 0.011365
-112.000000 44.600000 0.007966
-112.000000 44.800000 0.010006
-112.000000 45.000000 0.014027
-111.800000 40.000000 0.006771
-111.800000 40.200000 0.005866
-111.800000 40.400000 0.006201
-111.800000 40.600000 0.006187
-111.800000 40.800000 0.004371
-111.800000 41.000000 0.005594
-111.800000 41.200000 0.007800
-111.800000 41.400000 0.010202
-111.800000 41.600000 0.009792
-111.800000 41.800000 0.010663
-111.800000 42.000000 0.010793
-111.800000 42.200000 0.011150
-111.800000 42.400000 0.009547
-111.800000 42.600000 0.006573
-111.800000 42.800000 0.007555
-111.800000 43.000000 0.007798
-111.800000 43.200000 0.006769
-111.800000 43.400000 0.007288
-111.800000 43.600000 0.011831
-111.800000 43.800000 0.009103
-111.800000 44.000000 0.011034
-111.800000 44.200000 0.016068
-111.800000 44.400000 0.015972
-111.800000 44.600000 0.009270
-111.800000 44.800000 0.017101
-111.800000 45.000000 0.017827
-111.600000 40.000000 0.007887
-111.600000 40.200000 0.008966
-111.600000 40.400000 0.007242
-111.600000 40.600000 0.004467
-111.600000 40.800000 0.005939
-111.600000 41.000000 0.003310
-111.600000 41.200000 0.003444
-111.600000 41.400000 0.009438
-111.600000 41.600000 0.012074
-111.600000 41.800000 0.010684
-111.600000 42.000000 0.010295
-111.600000 42.200000 0.010094
-111.600000 42.400000 0.008922
-111.600000 42.600000 0.007172
-111.600000 42.800000 0.009428
-111.600000 43.000000 0.012881
-111.600000 43.200000 0.008743
-111.600000 43.400000 0.011795
-111.600000 43.600000 0.017977
-111.600000 43.800000 0.010578
-111.600000 44.000000 0.011282
-111.600000 44.200000 0.018362
-111.600000 44.400000 0.017427
-111.600000 44.600000 0.014263
-111.600000 44.800000 0.017041
-111.600000 45.000000 0.022825
-111.400000 40.000000 0.002829
-111.400000 40.200000 0.003538
-111.400000 40.400000 0.003496
-111.400000 40.600000 0.004177
-111.400000 40.800000 0.003302
-111.400000 41.000000 0.001718
-111.400000 41.200000 0.001227
-111.400000 41.400000 0.004884
-111.400000 41.600000 0.006608
-111.400000 41.800000 0.009232
-111.400000 42.000000 0.007781
-111.400000 42.200000 0.008178
-111.400000 42.400000 0.008557
-111.400000 42.600000 0.007129
-111.400000 42.800000 0.008795
-111.400000 43.000000 0.011255
-111.400000 43.200000 0.010205
-111.400000 43.400000 0.007455
-111.400000 43.600000 0.011404
-111.400000 43.800000 0.014586
-111.400000 44.000000 0.015056
-111.400000 44.200000 0.013239
-111.400000 44.400000 0.022856
-111.400000 44.600000 0.023179
-111.400000 44.800000 0.019030
-111.400000 45.000000 0.026581
-111.200000 40.000000 0.002561
-111.200000 40.200000 0.003671
-111.200000 40.400000 0.005656
-111.200000 40.600000 0.005779
-111.200000 40.800000 0.007424
-111.200000 41.000000 0.008076
-111.200000 41.200000 0.006586
-111.200000 41.400000 0.008433
-111.200000 41.600000 0.008533
-111.200000 41.800000 0.007855
-111.200000 42.000000 0.007943
-111.200000 42.200000 0.008559
-111.200000 42.400000 0.007253
-111.200000 42.600000 0.010353
-111.200000 42.800000 0.009767
-111.200000 43.000000 0.009044
-111.200000 43.200000 0.008572
-111.200000 43.400000 0.004995
-111.200000 43.600000 0.010294
-111.200000 43.800000 0.014106
-111.200000 44.000000 0.013768
-111.200000 44.200000 0.020348
-111.200000 44.400000 0.025292
-111.200000 44.600000 0.021629
-111.200000 44.800000 0.026294
-111.200000 45.000000 0.025956
-111.000000 40.000000 0.005099
-111.000000 40.200000 0.004156
-111.000000 40.400000 0.007951
-111.000000 40.600000 0.009431
-111.000000 40.800000 0.008814
-111.000000 41.000000 0.012039
-111.000000 41.200000 0.012104
-111.000000 41.400000 0.011460
-111.000000 41.600000 0.012059
-111.000000 41.800000 0.012088
-111.000000 42.000000 0.012872
-111.000000 42.200000 0.011597
-111.000000 42.400000 0.011605
-111.000000 42.600000 0.013238
-111.000000 42.800000 0.012041
-111.000000 43.000000 0.012113
-111.000000 43.200000 0.007721
-111.000000 43.400000 0.008402
-111.000000 43.600000 0.010205
-111.000000 43.800000 0.009362
-111.000000 44.000000 0.010404
-111.000000 44.200000 0.015287
-111.000000 44.400000 0.021481
-111.000000 44.600000 0.019509
-111.000000 44.800000 0.021191
-111.000000 45.000000 0.022685
-110.800000 40.000000 0.007659
-110.800000 40.200000 0.009784
-110.800000 40.400000 0.009786
-110.800000 40.600000 0.011394
-110.800000 40.800000 0.015430
-110.800000 41.000000 0.015000
-110.800000 41.200000 0.015258
-110.800000 41.400000 0.017662
-110.800000 41.600000 0.016536
-110.800000 41.800000 0.015998
-110.800000 42.000000 0.017674
-110.800000 42.200000 0.015318
-110.800000 42.400000 0.015003
-110.800000 42.600000 0.014432
-110.800000 42.800000 0.011622
-110.800000 43.000000 0.011459
-110.800000 43.200000 0.005941
-110.800000 43.400000 0.002504
-110.800000 43.600000 0.006498
-110.800000 43.800000 0.009231
-110.800000 44.000000 0.009235
-110.800000 44.200000 0.009814
-110.800000 44.400000 0.017790
-110.800000 44.600000 0.017661
-110.800000 44.800000 0.009621
-110.800000 45.000000 0.017007
-110.600000 40.000000 0.011338
-110.600000 40.200000 0.012758
-110.600000 40.400000 0.014295
-110.600000 40.600000 0.014609
-110.600000 40.800000 0.016680
-110.600000 41.000000 0.019301
-110.600000 41.200000 0.017481
-110.600000 41.400000 0.019386
-110.600000 41.600000 0.020731
-110.600000 41.800000 0.018240
-110.600000 42.000000 0.018739
-110.600000 42.200000 0.018476
-110.600000 42.400000 0.017129
-110.600000 42.600000 0.016140
-110.600000 42.800000 0.011917
-110.600000 43.000000 0.007991
-110.600000 43.200000 0.002045
-110.600000 43.400000 0.003928
-110.600000 43.600000 0.005654
-110.600000 43.800000 0.012656
-110.600000 44.000000 0.012055
-110.600000 44.200000 0.016650
-110.600000 44.400000 0.024955
-110.600000 44.600000 0.020681
-110.600000 44.800000 0.017585
-110.600000 45.000000 0.017860
-110.400000 40.000000 0.011227
-110.400000 40.200000 0.010205
-110.400000 40.400000 0.014132
-110.400000 40.600000 0.014742
-110.400000 40.800000 0.013596
-110.400000 41.000000 0.016173
-110.400000 41.200000 0.015422
-110.400000 41.400000 0.015684
-110.400000 41.600000 0.018068
-110.400000 41.800000 0.018240
-110.400000 42.000000 0.019528
-110.400000 42.200000 0.018494
-110.400000 42.400000 0.017883
-110.400000 42.600000 0.017650
-110.400000 42.800000 0.013802
-110.400000 43.000000 0.009749
-110.400000 43.200000 0.005750
-110.400000 43.400000 0.003224
-110.400000 43.600000 0.004195
-110.400000 43.800000 0.008692
-110.400000 44.000000 0.008103
-110.400000 44.200000 0.013270
-110.400000 44.400000 0.017501
-110.400000 44.600000 0.014225
-110.400000 44.800000 0.017885
-110.400000 45.000000 0.015032
-110.200000 40.000000 0.011477
-110.200000 40.200000 0.013106
-110.200000 40.400000 0.012909
-110.200000 40.600000 0.012974
-110.200000 40.800000 0.013638
-110.200000 41.000000 0.009477
-110.200000 41.200000 0.009434
-110.200000 41.400000 0.013731
-110.200000 41.600000 0.011447
-110.200000 41.800000 0.013398
-110.200000 42.000000 0.016327
-110.200000 42.200000 0.014303
-110.200000 42.400000 0.014199
-110.200000 42.600000 0.015592
-110.200000 42.800000 0.014032
-110.200000 43.000000 0.012263
-110.200000 43.200000 0.012578
-110.200000 43.400000 0.006980
-110.200000 43.600000 0.006331
-110.200000 43.800000 0.004493
-110.200000 44.000000 0.006975
-110.200000 44.200000 0.005975
-110.200000 44.400000 0.009902
-110.200000 44.600000 0.011485
-110.200000 44.800000 0.008818
-110.200000 45.000000 0.011881
-110.000000 40.000000 0.014050
-110.000000 40.200000 0.013433
-110.000000 40.400000 0.011680
-110.000000 40.600000 0.011742
-110.000000 40.800000 0.009947
-110.000000 41.000000 0.005678
-110.000000 41.200000 0.006521
-110.000000 41.400000 0.006806
-110.000000 41.600000 0.006423
-110.000000 41.800000 0.007765
-110.000000 42.000000 0.010061
-110.000000 42.200000 0.010985
-110.000000 42.400000 0.009999
-110.000000 42.600000 0.011820
-110.000000 42.800000 0.010420
-110.000000 43.000000 0.011446
-110.000000 43.200000 0.009478
-110.000000 43.400000 0.009027
-110.000000 43.600000 0.008700
-110.000000 43.800000 0.010361
-110.000000 44.000000 0.011698
-110.000000 44.200000 0.011770
-110.000000 44.400000 0.017036
-110.000000 44.600000 0.017342
-110.000000 44.800000 0.010623
-110.000000 45.000000 0.011488
-109.800000 40.000000 0.013621
-109.800000 40.200000 0.012997
-109.800000 40.400000 0.012186
-109.800000 40.600000 0.010525
-109.800000 40.800000 0.008380
-109.800000 41.000000 0.004656
-109.800000 41.200000 0.005320
-109.800000 41.400000 0.007560
-109.800000 41.600000 0.006535
-109.800000 41.800000 0.006387
-109.800000 42.000000 0.009748
-109.800000 42.200000 0.008199
-109.800000 42.400000 0.008264
-109.800000 42.600000 0.010487
-109.800000 42.800000 0.009402
-109.800000 43.000000 0.013775
-109.800000 43.200000 0.015027
-109.800000 43.400000 0.011595
-109.800000 43.600000 0.009801
-109.800000 43.800000 0.009222
-109.800000 44.000000 0.009754
-109.800000 44.200000 0.008034
-109.800000 44.400000 0.009236
-109.800000 44.600000 0.009452
-109.800000 44.800000 0.011332
-109.800000 45.000000 0.005805
-109.600000 40.000000 0.011770
-109.600000 40.200000 0.011523
-109.600000 40.400000 0.010646
-109.600000 40.600000 0.011328
-109.600000 40.800000 0.010548
-109.600000 41.000000 0.008144
-109.600000 41.200000 0.010781
-109.600000 41.400000 0.011085
-109.600000 41.600000 0.010035
-109.600000 41.800000 0.012107
-109.600000 42.000000 0.008893
-109.600000 42.200000 0.006273
-109.600000 42.400000 0.006222
-109.600000 42.600000 0.009041
-109.600000 42.800000 0.009293
-109.600000 43.000000 0.014810
-109.600000 43.200000 0.016250
-109.600000 43.400000 0.013035
-109.600000 43.600000 0.014774
-109.600000 43.800000 0.011915
-109.600000 44.000000 0.011240
-109.600000 44.200000 0.011306
-109.600000 44.400000 0.008628
-109.600000 44.600000 0.006739
-109.600000 44.800000 0.002805
-109.600000 45.000000 0.002960
-109.400000 40.000000 0.011043
-109.400000 40.200000 0.011301
-109.400000 40.400000 0.008392
-109.400000 40.600000 0.008150
-109.400000 40.800000 0.007064
-109.400000 41.000000 0.007468
-109.400000 41.200000 0.009057
-109.400000 41.400000 0.008950
-109.400000 41.600000 0.009153
-109.400000 41.800000 0.006583
-109.400000 42.000000 0.004966
-109.400000 42.200000 0.004309
-109.400000 42.400000 0.002650
-109.400000 42.600000 0.005790
-109.400000 42.800000 0.009850
-109.400000 43.000000 0.015331
-109.400000 43.200000 0.015003
-109.400000 43.400000 0.015095
-109.400000 43.600000 0.015591
-109.400000 43.800000 0.012298
-109.400000 44.000000 0.011485
-109.400000 44.200000 0.012596
-109.400000 44.400000 0.012072
-109.400000 44.600000 0.008566
-109.400000 44.800000 0.003476
-109.400000 45.000000 0.007520
-109.200000 40.000000 0.010634
-109.200000 40.200000 0.012779
-109.200000 40.400000 0.009115
-109.200000 40.600000 0.006543
-109.200000 40.800000 0.006307
-109.200000 41.000000 0.004456
-109.200000 41.200000 0.006903
-109.200000 41.400000 0.007533
-109.200000 41.600000 0.007789
-109.200000 41.800000 0.006515
-109.200000 42.000000 0.003486
-109.200000 42.200000 0.003677
-109.200000 42.400000 0.001777
-109.200000 42.600000 0.008070
-109.200000 42.800000 0.009385
-109.200000 43.000000 0.015079
-109.200000 43.200000 0.016496
-109.200000 43.400000 0.018008
-109.200000 43.600000 0.017097
-109.200000 43.800000 0.014241
-109.200000 44.000000 0.012342
-109.200000 44.200000 0.010125
-109.200000 44.400000 0.008912
-109.200000 44.600000 0.005512
-109.200000 44.800000 0.006693
-109.200000 45.000000 0.009712
-109.000000 40.000000 0.009508
-109.000000 40.200000 0.010087
-109.000000 40.400000 0.006716
-109.000000 40.600000 0.007464
-109.000000 40.800000 0.007519
-109.000000 41.000000 0.010706
-109.000000 41.200000 0.011790
-109.000000 41.400000 0.012864
-109.000000 41.600000 0.010942
-109.000000 41.800000 0.010040
-109.000000 42.000000 0.006074
-109.000000 42.200000 0.004685
-109.000000 42.400000 0.000852
-109.000000 42.600000 0.005516
-109.000000 42.800000 0.009921
-109.000000 43.000000 0.015755
-109.000000 43.200000 0.016190
-109.000000 43.400000 0.016914
-109.000000 43.600000 0.020445
-109.000000 43.800000 0.014192
-109.000000 44.000000 0.011224
-109.000000 44.200000 0.012984
-109.000000 44.400000 0.009797
-109.000000 44.600000 0.006463
-109.000000 44.800000 0.008744
-109.000000 45.000000 0.009551
-108.800000 40.000000 0.007387
-108.800000 40.200000 0.006336
-108.800000 40.400000 0.005442
-108.800000 40.600000 0.004242
-108.800000 40.800000 0.008617
-108.800000 41.000000 0.009655
-108.800000 41.200000 0.008791
-108.800000 41.400000 0.008175
-108.800000 41.600000 0.008853
-108.800000 41.800000 0.005966
-108.800000 42.000000 0.004408
-108.800000 42.200000 0.004364
-108.800000 42.400000 0.005619
-108.800000 42.600000 0.009536
-108.800000 42.800000 0.013323
-108.800000 43.000000 0.017117
-108.800000 43.200000 0.017261
-108.800000 43.400000 0.016311
-108.800000 43.600000 0.017804
-108.800000 43.800000 0.013154
-108.800000 44.000000 0.009170
-108.800000 44.200000 0.009983
-108.800000 44.400000 0.008766
-108.800000 44.600000 0.010150
-108.800000 44.800000 0.009186
-108.800000 45.000000 0.010709
-108.600000 40.000000 0.007124
-108.600000 40.200000 0.006728
-108.600000 40.400000 0.006966
-108.600000 40.600000 0.006887
-108.600000 40.800000 0.009304
-108.600000 41.000000 0.008273
-108.600000 41.200000 0.004885
-108.600000 41.400000 0.006648
-108.600000 41.600000 0.004916
-108.600000 41.800000 0.003928
-108.600000 42.000000 0.002957
-108.600000 42.200000 0.003686
-108.600000 42.400000 0.009996
-108.600000 42.600000 0.013923
-108.600000 42.800000 0.012626
-108.600000 43.000000 0.015359
-108.600000 43.200000 0.017153
-108.600000 43.400000 0.014204
-108.600000 43.600000 0.016171
-108.600000 43.800000 0.013435
-108.600000 44.000000 0.007759
-108.600000 44.200000 0.005336
-108.600000 44.400000 0.007228
-108.600000 44.600000 0.008631
-108.600000 44.800000 0.008482
-108.600000 45.000000 0.011384
-108.400000 40.000000 0.006135
-108.400000 40.200000 0.006702
-108.400000 40.400000 0.008420
-108.400000 40.600000 0.008717
-108.400000 40.800000 0.008900
-108.400000 41.000000 0.011282
-108.400000 41.200000 0.009370
-108.400000 41.400000 0.008485
-108.400000 41.600000 0.004206
-108.400000 41.800000 0.000740
-108.400000 42.000000 0.002212
-108.400000 42.200000 0.002790
-108.400000 42.400000 0.003266
-108.400000 42.600000 0.008023
-108.400000 42.800000 0.009345
-108.400000 43.000000 0.013873
-108.400000 43.200000 0.014345
-108.400000 43.400000 0.014258
-108.400000 43.600000 0.014063
-108.400000 43.800000 0.010101
-108.400000 44.000000 0.003476
-108.400000 44.200000 0.001798
-108.400000 44.400000 0.001652
-108.400000 44.600000 0.007830
-108.400000 44.800000 0.008552
-108.400000 45.000000 0.007895
-108.200000 40.000000 0.006120
-108.200000 40.200000 0.006255
-108.200000 40.400000 0.008577
-108.200000 40.600000 0.008248
-108.200000 40.800000 0.008187
-108.200000 41.000000 0.009365
-108.200000 41.200000 0.007514
-108.200000 41.400000 0.004115
-108.200000 41.600000 0.004474
-108.200000 41.800000 0.005347
-108.200000 42.000000 0.005671
-108.200000 42.200000 0.005716
-108.200000 42.400000 0.006003
-108.200000 42.600000 0.009396
-108.200000 42.800000 0.010841
-108.200000 43.000000 0.015275
-108.200000 43.200000 0.013730
-108.200000 43.400000 0.015024
-108.200000 43.600000 0.014444
-108.200000 43.800000 0.010401
-108.200000 44.000000 0.004021
-108.200000 44.200000 0.002795
-108.200000 44.400000 0.002376
-108.200000 44.600000 0.005229
-108.200000 44.800000 0.006893
-108.200000 45.000000 0.007243
-108.000000 40.000000 0.008090
-108.000000 40.200000 0.006971
-108.000000 40.400000 0.009047
-108.000000 40.600000 0.009709
-108.000000 40.800000 0.010055
-108.000000 41.000000 0.009747
-108.000000 41.200000 0.008323
-108.000000 41.400000 0.006170
-108.000000 41.600000 0.007794
-108.000000 41.800000 0.007298
-108.000000 42.000000 0.003518
-108.000000 42.200000 0.006365
-108.000000 42.400000 0.009887
-108.000000 42.600000 0.010900
-108.000000 42.800000 0.009762
-108.000000 43.000000 0.011374
-108.000000 43.200000 0.011635
-108.000000 43.400000 0.013663
-108.000000 43.600000 0.011617
-108.000000 43.800000 0.009175
-108.000000 44.000000 0.004665
-108.000000 44.200000 0.000636
-108.000000 44.400000 0.002352
-108.000000 44.600000 0.003993
-108.000000 44.800000 0.004996
-108.000000 45.000000 0.005893
-107.800000 40.000000 0.008164
-107.800000 40.200000 0.008359
-107.800000 40.400000 0.011754
-107.800000 40.600000 0.009697
-107.800000 40.800000 0.010475
-107.800000 41.000000 0.013428
-107.800000 41.200000 0.011465
-107.800000 41.400000 0.009442
-107.800000 41.600000 0.005879
-107.800000 41.800000 0.004191
-107.800000 42.000000 0.005557
-107.800000 42.200000 0.008695
-107.800000 42.400000 0.010091
-107.800000 42.600000 0.008607
-107.800000 42.800000 0.010709
-107.800000 43.000000 0.011389
-107.800000 43.200000 0.011016
-107.800000 43.400000 0.013602
-107.800000 43.600000 0.011978
-107.800000 43.800000 0.009058
-107.800000 44.000000 0.006220
-107.800000 44.200000 0.001553
-107.800000 44.400000 0.001733
-107.800000 44.600000 0.001509
-107.800000 44.800000 0.001280
-107.800000 45.000000 0.002175
-107.600000 40.000000 0.012041
-107.600000 40.200000 0.007238
-107.600000 40.400000 0.008870
-107.600000 40.600000 0.009287
-107.600000 40.800000 0.008557
-107.600000 41.000000 0.011166
-107.600000 41.200000 0.009335
-107.600000 41.400000 0.007192
-107.600000 41.600000 0.005738
-107.600000 41.800000 0.005460
-107.600000 42.000000 0.007082
-107.600000 42.200000 0.005705
-107.600000 42.400000 0.008229
-107.600000 42.600000 0.008373
-107.600000 42.800000 0.008568
-107.600000 43.000000 0.009922
-107.600000 43.200000 0.012448
-107.600000 43.400000 0.014870
-107.600000 43.600000 0.013308
-107.600000 43.800000 0.012351
-107.600000 44.000000 0.008224
-107.600000 44.200000 0.006216
-107.600000 44.400000 0.004080
-107.600000 44.600000 0.003343
-107.600000 44.800000 0.004204
-107.600000 45.000000 0.003748
-107.400000 40.000000 0.013606
-107.400000 40.200000 0.010889
-107.400000 40.400000 0.011341
-107.400000 40.600000 0.010122
-107.400000 40.800000 0.008057
-107.400000 41.000000 0.009438
-107.400000 41.200000 0.007528
-107.400000 41.400000 0.006134
-107.400000 41.600000 0.005687
-107.400000 41.800000 0.006197
-107.400000 42.000000 0.005036
-107.400000 42.200000 0.007570
-107.400000 42.400000 0.006830
-107.400000 42.600000 0.005743
-107.400000 42.800000 0.007726
-107.400000 43.000000 0.007384
-107.400000 43.200000 0.010559
-107.400000 43.400000 0.015204
-107.400000 43.600000 0.012394
-107.400000 43.800000 0.012519
-107.400000 44.000000 0.010741
-107.400000 44.200000 0.010170
-107.400000 44.400000 0.008327
-107.400000 44.600000 0.008041
-107.400000 44.800000 0.008135
-107.400000 45.000000 0.006016
-107.200000 40.000000 0.017475
-107.200000 40.200000 0.015548
-107.200000 40.400000 0.016233
-107.200000 40.600000 0.013052
-107.200000 40.800000 0.010226
-107.200000 41.000000 0.011247
-107.200000 41.200000 0.008661
-107.200000 41.400000 0.006737
-107.200000 41.600000 0.004551
-107.200000 41.800000 0.001705
-107.200000 42.000000 0.003771
-107.200000 42.200000 0.002652
-107.200000 42.400000 0.002793
-107.200000 42.600000 0.002330
-107.200000 42.800000 0.004073
-107.200000 43.000000 0.006190
-107.200000 43.200000 0.009206
-107.200000 43.400000 0.012952
-107.200000 43.600000 0.013541
-107.200000 43.800000 0.012480
-107.200000 44.000000 0.011085
-107.200000 44.200000 0.010630
-107.200000 44.400000 0.009036
-107.200000 44.600000 0.007946
-107.200000 44.800000 0.010177
-107.200000 45.000000 0.008587
-107.000000 40.000000 0.020097
-107.000000 40.200000 0.014015
-107.000000 40.400000 0.013008
-107.000000 40.600000 0.013016
-107.000000 40.800000 0.008671
-107.000000 41.000000 0.008280
-107.000000 41.200000 0.008400
-107.000000 41.400000 0.005660
-107.000000 41.600000 0.002887
-107.000000 41.800000 0.001032
-107.000000 42.000000 0.000173
-107.000000 42.200000 0.001543
-107.000000 42.400000 0.002197
-107.000000 42.600000 0.002357
-107.000000 42.800000 0.001222
-107.000000 43.000000 0.003515
-107.000000 43.200000 0.006249
-107.000000 43.400000 0.009581
-107.000000 43.600000 0.015148
-107.000000 43.800000 0.015116
-107.000000 44.000000 0.011566
-107.000000 44.200000 0.017077
-107.000000 44.400000 0.015443
-107.000000 44.600000 0.010465
-107.000000 44.800000 0.014217
-107.000000 45.000000 0.012881
