-113.000000 40.000000 0.010552
-113.000000 40.200000 0.009137
-113.000000 40.400000 0.010632
-113.000000 40.600000 0.010745
-113.000000 40.800000 0.009884
-113.000000 41.000000 0.011547
-113.000000 41.200000 0.011485
-113.000000 41.400000 0.010932
-113.000000 41.600000 0.015915
-113.000000 41.800000 0.018446
-113.000000 42.000000 0.014946
-113.000000 42.200000 0.012744
-113.000000 42.400000 0.013400
-113.000000 42.600000 0.009843
-113.000000 42.800000 0.008690
-113.000000 43.000000 0.009167
-113.000000 43.200000 0.006499
-113.000000 43.400000 0.005217
-113.000000 43.600000 0.003628
-113.000000 43.800000 0.001880
-113.000000 44.000000 0.001427
-113.000000 44.200000 0.004864
-113.000000 44.400000 0.004242
-113.000000 44.600000 0.004995
-113.000000 44.800000 0.006597
-113.000000 45.000000 0.006523
-112.800000 40.000000 0.005421
-112.800000 40.200000 0.003815
-112.800000 40.400000 0.005783
-112.800000 40.600000 0.006785
-112.800000 40.800000 0.006731
-112.800000 41.000000 0.009588
-112.800000 41.200000 0.010326
-112.800000 41.400000 0.011223
-112.800000 41.600000 0.013954
-112.800000 41.800000 0.017590
-112.800000 42.000000 0.015261
-112.800000 42.200000 0.011470
-112.800000 42.400000 0.012828
-112.800000 42.600000 0.009999
-112.800000 42.800000 0.008970
-112.800000 43.000000 0.008983
-112.800000 43.200000 0.007368
-112.800000 43.400000 0.006102
-112.800000 43.600000 0.003430
-112.800000 43.800000 0.003134
-112.800000 44.000000 0.001638
-112.800000 44.200000 0.004943
-112.800000 44.400000 0.005657
-112.800000 44.600000 0.005611
-112.800000 44.800000 0.007513
-112.800000 45.000000 0.007974
-112.600000 40.000000 0.002565
-112.600000 40.200000 0.004153
-112.600000 40.400000 0.002079
-112.600000 40.600000 0.001660
-112.600000 40.800000 0.002559
-112.600000 41.000000 0.005196
-112.600000 41.200000 0.006688
-112.600000 41.400000 0.010477
-112.600000 41.600000 0.013692
-112.600000 41.800000 0.013839
-112.600000 42.000000 0.014284
-112.600000 42.200000 0.013377
-112.600000 42.400000 0.010616
-112.600000 42.600000 0.010524
-112.600000 42.800000 0.009743
-112.600000 43.000000 0.008726
-112.600000 43.200000 0.007898
-112.600000 43.400000 0.005941
-112.600000 43.600000 0.004081
-112.600000 43.800000 0.002201
-112.600000 44.000000 0.000946
-112.600000 44.200000 0.003806
-112.600000 44.400000 0.006410
-112.600000 44.600000 0.007197
-112.600000 44.800000 0.009391
-112.600000 45.000000 0.010511
-112.400000 40.000000 0.005096
-112.400000 40.200000 0.005706
-112.400000 40.400000 0.001834
-112.400000 40.600000 0.002987
-112.400000 40.800000 0.001330
-112.400000 41.000000 0.005320
-112.400000 41.200000 0.006350
-112.400000 41.400000 0.007963
-112.400000 41.600000 0.013372
-112.400000 41.800000 0.014728
-112.400000 42.000000 0.012548
-112.400000 42.200000 0.012284
-112.400000 42.400000 0.011443
-112.400000 42.600000 0.009389
-112.400000 42.800000 0.008796
-112.400000 43.000000 0.008625
-112.400000 43.200000 0.006484
-112.400000 43.400000 0.005137
-112.400000 43.600000 0.003772
-112.400000 43.800000 0.003154
-112.400000 44.000000 0.004140
-112.400000 44.200000 0.004199
-112.400000 44.400000 0.007223
-112.400000 44.600000 0.011266
-112.400000 44.800000 0.010257
-112.400000 45.000000 0.011526
-112.200000 40.000000 0.007903
-112.200000 40.200000 0.010207
-112.200000 40.400000 0.006601
-112.200000 40.600000 0.004017
-112.200000 40.800000 0.004297
-112.200000 41.000000 0.003972
-112.200000 41.200000 0.005655
-112.200000 41.400000 0.007782
-112.200000 41.600000 0.010199
-112.200000 41.800000 0.013263
-112.200000 42.000000 0.011798
-112.200000 42.200000 0.009202
-112.200000 42.400000 0.010031
-112.200000 42.600000 0.008280
-112.200000 42.800000 0.006981
-112.200000 43.000000 0.006192
-112.200000 43.200000 0.004801
-112.200000 43.400000 0.002934
-112.200000 43.600000 0.002675
-112.200000 43.800000 0.002857
-112.200000 44.000000 0.003861
-112.200000 44.200000 0.005983
-112.200000 44.400000 0.008948
-112.200000 44.600000 0.011899
-112.200000 44.800000 0.012671
-112.200000 45.000000 0.015621
-112.000000 40.000000 0.010751
-112.000000 40.200000 0.012421
-112.000000 40.400000 0.009863
-112.000000 40.600000 0.008458
-112.000000 40.800000 0.006527
-112.000000 41.000000 0.002903
-112.000000 41.200000 0.003445
-112.000000 41.400000 0.006700
-112.000000 41.600000 0.007914
-112.000000 41.800000 0.008226
-112.000000 42.000000 0.008030
-112.000000 42.200000 0.006579
-112.000000 42.400000 0.006403
-112.000000 42.600000 0.006451
-112.000000 42.800000 0.004958
-112.000000 43.000000 0.003509
-112.000000 43.200000 0.003959
-112.000000 43.400000 0.002549
-112.000000 43.600000 0.001837
-112.000000 43.800000 0.002854
-112.000000 44.000000 0.003844
-112.000000 44.200000 0.007831
-112.000000 44.400000 0.009965
-112.000000 44.600000 0.011601
-112.000000 44.800000 0.015949
-112.000000 45.000000 0.017693
-111.800000 40.000000 0.009942
-111.800000 40.200000 0.010831
-111.800000 40.400000 0.009407
-111.800000 40.600000 0.006530
-111.800000 40.800000 0.003660
-111.800000 41.000000 0.000897
-111.800000 41.200000 0.005252
-111.800000 41.400000 0.008574
-111.800000 41.600000 0.009544
-111.800000 41.800000 0.010011
-111.800000 42.000000 0.008469
-111.800000 42.200000 0.006900
-111.800000 42.400000 0.006089
-111.800000 42.600000 0.003890
-111.800000 42.800000 0.003312
-111.800000 43.000000 0.002613
-111.800000 43.200000 0.001505
-111.800000 43.400000 0.001551
-111.800000 43.600000 0.000786
-111.800000 43.800000 0.003001
-111.800000 44.000000 0.003466
-111.800000 44.200000 0.004470
-111.800000 44.400000 0.005969
-111.800000 44.600000 0.009378
-111.800000 44.800000 0.013354
-111.800000 45.000000 0.013662
-111.600000 40.000000 0.010109
-111.600000 40.200000 0.012331
-111.600000 40.400000 0.009395
-111.600000 40.600000 0.005243
-111.600000 40.800000 0.003746
-111.600000 41.000000 0.002902
-111.600000 41.200000 0.006995
-111.600000 41.400000 0.009130
-111.600000 41.600000 0.011428
-111.600000 41.800000 0.013371
-111.600000 42.000000 0.011463
-111.600000 42.200000 0.010150
-111.600000 42.400000 0.009165
-111.600000 42.600000 0.006275
-111.600000 42.800000 0.005348
-111.600000 43.000000 0.005355
-111.600000 43.200000 0.004875
-111.600000 43.400000 0.004827
-111.600000 43.600000 0.006128
-111.600000 43.800000 0.004685
-111.600000 44.000000 0.005305
-111.600000 44.200000 0.007171
-111.600000 44.400000 0.005606
-111.600000 44.600000 0.009110
-111.600000 44.800000 0.011797
-111.600000 45.000000 0.012552
-111.400000 40.000000 0.011068
-111.400000 40.200000 0.009694
-111.400000 40.400000 0.006466
-111.400000 40.600000 0.004724
-111.400000 40.800000 0.002128
-111.400000 41.000000 0.004751
-111.400000 41.200000 0.008709
-111.400000 41.400000 0.013262
-111.400000 41.600000 0.014752
-111.400000 41.800000 0.015329
-111.400000 42.000000 0.015024
-111.400000 42.200000 0.012089
-111.400000 42.400000 0.010894
-111.400000 42.600000 0.007578
-111.400000 42.800000 0.006239
-111.400000 43.000000 0.006151
-111.400000 43.200000 0.003963
-111.400000 43.400000 0.005657
-111.400000 43.600000 0.007153
-111.400000 43.800000 0.005894
-111.400000 44.000000 0.005741
-111.400000 44.200000 0.008704
-111.400000 44.400000 0.008154
-111.400000 44.600000 0.009061
-111.400000 44.800000 0.015297
-111.400000 45.000000 0.018023
-111.200000 40.000000 0.008653
-111.200000 40.200000 0.007326
-111.200000 40.400000 0.005236
-111.200000 40.600000 0.001611
-111.200000 40.800000 0.004169
-111.200000 41.000000 0.005663
-111.200000 41.200000 0.010178
-111.200000 41.400000 0.015739
-111.200000 41.600000 0.015421
-111.200000 41.800000 0.015365
-111.200000 42.000000 0.015540
-111.200000 42.200000 0.011592
-111.200000 42.400000 0.009366
-111.200000 42.600000 0.006497
-111.200000 42.800000 0.003710
-111.200000 43.000000 0.002415
-111.200000 43.200000 0.003605
-111.200000 43.400000 0.004019
-111.200000 43.600000 0.004588
-111.200000 43.800000 0.005498
-111.200000 44.000000 0.005684
-111.200000 44.200000 0.007068
-111.200000 44.400000 0.007684
-111.200000 44.600000 0.008684
-111.200000 44.800000 0.013133
-111.200000 45.000000 0.015480
-111.000000 40.000000 0.008943
-111.000000 40.200000 0.008187
-111.000000 40.400000 0.004982
-111.000000 40.600000 0.001190
-111.000000 40.800000 0.000871
-111.000000 41.000000 0.003646
-111.000000 41.200000 0.007969
-111.000000 41.400000 0.011040
-111.000000 41.600000 0.013567
-111.000000 41.800000 0.014472
-111.000000 42.000000 0.011762
-111.000000 42.200000 0.010616
-111.000000 42.400000 0.009464
-111.000000 42.600000 0.005366
-111.000000 42.800000 0.003574
-111.000000 43.000000 0.003054
-111.000000 43.200000 0.003967
-111.000000 43.400000 0.003505
-111.000000 43.600000 0.006474
-111.000000 43.800000 0.006631
-111.000000 44.000000 0.005811
-111.000000 44.200000 0.006975
-111.000000 44.400000 0.008802
-111.000000 44.600000 0.009425
-111.000000 44.800000 0.010966
-111.000000 45.000000 0.013661
-110.800000 40.000000 0.010219
-110.800000 40.200000 0.007707
-110.800000 40.400000 0.004941
-110.800000 40.600000 0.004185
-110.800000 40.800000 0.001154
-110.800000 41.000000 0.003424
-110.800000 41.200000 0.006650
-110.800000 41.400000 0.011517
-110.800000 41.600000 0.013151
-110.800000 41.800000 0.012090
-110.800000 42.000000 0.011782
-110.800000 42.200000 0.009859
-110.800000 42.400000 0.009806
-110.800000 42.600000 0.006114
-110.800000 42.800000 0.003958
-110.800000 43.000000 0.001571
-110.800000 43.200000 0.002373
-110.800000 43.400000 0.004205
-110.800000 43.600000 0.005478
-110.800000 43.800000 0.006678
-110.800000 44.000000 0.005616
-110.800000 44.200000 0.008425
-110.800000 44.400000 0.009598
-110.800000 44.600000 0.009317
-110.800000 44.800000 0.012361
-110.800000 45.000000 0.015546
-110.600000 40.000000 0.009971
-110.600000 40.200000 0.007774
-110.600000 40.400000 0.004470
-110.600000 40.600000 0.004020
-110.600000 40.800000 0.003592
-110.600000 41.000000 0.004489
-110.600000 41.200000 0.007527
-110.600000 41.400000 0.011089
-110.600000 41.600000 0.010472
-110.600000 41.800000 0.010437
-110.600000 42.000000 0.011083
-110.600000 42.200000 0.008509
-110.600000 42.400000 0.008378
-110.600000 42.600000 0.006868
-110.600000 42.800000 0.003768
-110.600000 43.000000 0.001438
-110.600000 43.200000 0.002637
-110.600000 43.400000 0.004035
-110.600000 43.600000 0.003196
-110.600000 43.800000 0.007392
-110.600000 44.000000 0.006758
-110.600000 44.200000 0.007253
-110.600000 44.400000 0.009772
-110.600000 44.600000 0.009786
-110.600000 44.800000 0.012261
-110.600000 45.000000 0.014877
-110.400000 40.000000 0.012181
-110.400000 40.200000 0.009334
-110.400000 40.400000 0.005719
-110.400000 40.600000 0.004295
-110.400000 40.800000 0.002466
-110.400000 41.000000 0.003277
-110.400000 41.200000 0.004788
-110.400000 41.400000 0.006933
-110.400000 41.600000 0.007488
-110.400000 41.800000 0.008081
-110.400000 42.000000 0.008612
-110.400000 42.200000 0.009839
-110.400000 42.400000 0.011282
-110.400000 42.600000 0.010068
-110.400000 42.800000 0.009602
-110.400000 43.000000 0.007078
-110.400000 43.200000 0.001387
-110.400000 43.400000 0.001521
-110.400000 43.600000 0.004701
-110.400000 43.800000 0.006884
-110.400000 44.000000 0.006519
-110.400000 44.200000 0.010778
-110.400000 44.400000 0.011537
-110.400000 44.600000 0.010682
-110.400000 44.800000 0.014869
-110.400000 45.000000 0.016044
-110.200000 40.000000 0.012744
-110.200000 40.200000 0.009176
-110.200000 40.400000 0.005855
-110.200000 40.600000 0.003964
-110.200000 40.800000 0.001627
-110.200000 41.000000 0.001335
-110.200000 41.200000 0.002360
-110.200000 41.400000 0.003706
-110.200000 41.600000 0.004437
-110.200000 41.800000 0.006258
-110.200000 42.000000 0.007819
-110.200000 42.200000 0.010158
-110.200000 42.400000 0.012818
-110.200000 42.600000 0.012833
-110.200000 42.800000 0.012776
-110.200000 43.000000 0.008259
-110.200000 43.200000 0.006459
-110.200000 43.400000 0.003622
-110.200000 43.600000 0.005574
-110.200000 43.800000 0.008734
-110.200000 44.000000 0.009255
-110.200000 44.200000 0.012167
-110.200000 44.400000 0.013266
-110.200000 44.600000 0.013670
-110.200000 44.800000 0.015644
-110.200000 45.000000 0.016665
-110.000000 40.000000 0.011455
-110.000000 40.200000 0.008708
-110.000000 40.400000 0.004279
-110.000000 40.600000 0.002803
-110.000000 40.800000 0.003029
-110.000000 41.000000 0.002382
-110.000000 41.200000 0.002790
-110.000000 41.400000 0.003512
-110.000000 41.600000 0.001739
-110.000000 41.800000 0.002931
-110.000000 42.000000 0.006384
-110.000000 42.200000 0.008092
-110.000000 42.400000 0.009936
-110.000000 42.600000 0.011848
-110.000000 42.800000 0.009711
-110.000000 43.000000 0.006947
-110.000000 43.200000 0.004797
-110.000000 43.400000 0.002369
-110.000000 43.600000 0.008281
-110.000000 43.800000 0.010271
-110.000000 44.000000 0.011633
-110.000000 44.200000 0.016342
-110.000000 44.400000 0.015187
-110.000000 44.600000 0.015201
-110.000000 44.800000 0.017800
-110.000000 45.000000 0.017145
-109.800000 40.000000 0.011462
-109.800000 40.200000 0.009195
-109.800000 40.400000 0.005979
-109.800000 40.600000 0.003642
-109.800000 40.800000 0.004362
-109.800000 41.000000 0.006071
-109.800000 41.200000 0.006609
-109.800000 41.400000 0.006462
-109.800000 41.600000 0.007486
-109.800000 41.800000 0.007624
-109.800000 42.000000 0.008395
-109.800000 42.200000 0.009748
-109.800000 42.400000 0.011463
-109.800000 42.600000 0.012595
-109.800000 42.800000 0.011684
-109.800000 43.000000 0.009308
-109.800000 43.200000 0.006145
-109.800000 43.400000 0.004779
-109.800000 43.600000 0.010451
-109.800000 43.800000 0.013019
-109.800000 44.000000 0.011906
-109.800000 44.200000 0.017968
-109.800000 44.400000 0.017653
-109.800000 44.600000 0.015800
-109.800000 44.800000 0.018572
-109.800000 45.000000 0.019337
-109.600000 40.000000 0.012345
-109.600000 40.200000 0.009832
-109.600000 40.400000 0.007381
-109.600000 40.600000 0.005724
-109.600000 40.800000 0.005059
-109.600000 41.000000 0.008389
-109.600000 41.200000 0.007608
-109.600000 41.400000 0.005154
-109.600000 41.600000 0.008427
-109.600000 41.800000 0.008960
-109.600000 42.000000 0.008258
-109.600000 42.200000 0.011891
-109.600000 42.400000 0.012071
-109.600000 42.600000 0.013379
-109.600000 42.800000 0.013331
-109.600000 43.000000 0.009962
-109.600000 43.200000 0.011768
-109.600000 43.400000 0.009536
-109.600000 43.600000 0.011978
-109.600000 43.800000 0.015676
-109.600000 44.000000 0.015317
-109.600000 44.200000 0.017454
-109.600000 44.400000 0.018102
-109.600000 44.600000 0.016565
-109.600000 44.800000 0.017901
-109.600000 45.000000 0.018311
-109.400000 40.000000 0.013889
-109.400000 40.200000 0.011902
-109.400000 40.400000 0.008625
-109.400000 40.600000 0.006533
-109.400000 40.800000 0.005753
-109.400000 41.000000 0.004511
-109.400000 41.200000 0.004233
-109.400000 41.400000 0.006078
-109.400000 41.600000 0.004509
-109.400000 41.800000 0.008189
-109.400000 42.000000 0.006812
-109.400000 42.200000 0.008554
-109.400000 42.400000 0.008407
-109.400000 42.600000 0.010010
-109.400000 42.800000 0.010556
-109.400000 43.000000 0.009410
-109.400000 43.200000 0.009183
-109.400000 43.400000 0.011046
-109.400000 43.600000 0.016551
-109.400000 43.800000 0.016956
-109.400000 44.000000 0.018202
-109.400000 44.200000 0.022252
-109.400000 44.400000 0.019069
-109.400000 44.600000 0.018295
-109.400000 44.800000 0.018525
-109.400000 45.000000 0.017202
-109.200000 40.000000 0.015640
-109.200000 40.200000 0.015093
-109.200000 40.400000 0.010880
-109.200000 40.600000 0.008037
-109.200000 40.800000 0.006414
-109.200000 41.000000 0.004813
-109.200000 41.200000 0.003577
-109.200000 41.400000 0.000998
-109.200000 41.600000 0.003845
-109.200000 41.800000 0.008943
-109.200000 42.000000 0.007814
-109.200000 42.200000 0.007443
-109.200000 42.400000 0.005895
-109.200000 42.600000 0.007702
-109.200000 42.800000 0.007446
-109.200000 43.000000 0.007589
-109.200000 43.200000 0.010834
-109.200000 43.400000 0.011663
-109.200000 43.600000 0.018614
-109.200000 43.800000 0.021050
-109.200000 44.000000 0.020415
-109.200000 44.200000 0.023407
-109.200000 44.400000 0.020340
-109.200000 44.600000 0.017933
-109.200000 44.800000 0.018995
-109.200000 45.000000 0.017227
-109.000000 40.000000 0.016711
-109.000000 40.200000 0.016788
-109.000000 40.400000 0.010053
-109.000000 40.600000 0.008587
-109.000000 40.800000 0.007964
-109.000000 41.000000 0.005423
-109.000000 41.200000 0.003121
-109.000000 41.400000 0.001721
-109.000000 41.600000 0.001164
-109.000000 41.800000 0.006937
-109.000000 42.000000 0.006888
-109.000000 42.200000 0.008446
-109.000000 42.400000 0.005282
-109.000000 42.600000 0.006911
-109.000000 42.800000 0.007687
-109.000000 43.000000 0.007121
-109.000000 43.200000 0.011742
-109.000000 43.400000 0.012511
-109.000000 43.600000 0.017778
-109.000000 43.800000 0.021731
-109.000000 44.000000 0.021285
-109.000000 44.200000 0.020497
-109.000000 44.400000 0.020420
-109.000000 44.600000 0.015154
-109.000000 44.800000 0.016668
-109.000000 45.000000 0.016838
-108.800000 40.000000 0.017691
-108.800000 40.200000 0.013598
-108.800000 40.400000 0.010583
-108.800000 40.600000 0.009199
-108.800000 40.800000 0.006775
-108.800000 41.000000 0.003824
-108.800000 41.200000 0.002588
-108.800000 41.400000 0.004336
-108.800000 41.600000 0.004494
-108.800000 41.800000 0.002468
-108.800000 42.000000 0.004038
-108.800000 42.200000 0.004654
-108.800000 42.400000 0.003477
-108.800000 42.600000 0.005862
-108.800000 42.800000 0.004154
-108.800000 43.000000 0.007920
-108.800000 43.200000 0.010130
-108.800000 43.400000 0.013156
-108.800000 43.600000 0.019428
-108.800000 43.800000 0.019996
-108.800000 44.000000 0.019383
-108.800000 44.200000 0.021320
-108.800000 44.400000 0.019826
-108.800000 44.600000 0.017938
-108.800000 44.800000 0.017496
-108.800000 45.000000 0.016206
-108.600000 40.000000 0.012438
-108.600000 40.200000 0.011692
-108.600000 40.400000 0.009777
-108.600000 40.600000 0.007756
-108.600000 40.800000 0.008145
-108.600000 41.000000 0.006332
-108.600000 41.200000 0.004598
-108.600000 41.400000 0.003023
-108.600000 41.600000 0.002635
-108.600000 41.800000 0.001548
-108.600000 42.000000 0.003061
-108.600000 42.200000 0.003955
-108.600000 42.400000 0.002065
-108.600000 42.600000 0.004056
-108.600000 42.800000 0.003892
-108.600000 43.000000 0.006205
-108.600000 43.200000 0.007909
-108.600000 43.400000 0.009593
-108.600000 43.600000 0.016332
-108.600000 43.800000 0.018047
-108.600000 44.000000 0.015219
-108.600000 44.200000 0.016242
-108.600000 44.400000 0.015739
-108.600000 44.600000 0.014165
-108.600000 44.800000 0.013618
-108.600000 45.000000 0.013464
-108.400000 40.000000 0.010144
-108.400000 40.200000 0.012562
-108.400000 40.400000 0.006870
-108.400000 40.600000 0.007694
-108.400000 40.800000 0.008974
-108.400000 41.000000 0.008077
-108.400000 41.200000 0.007439
-108.400000 41.400000 0.006023
-108.400000 41.600000 0.002709
-108.400000 41.800000 0.001480
-108.400000 42.000000 0.004099
-108.400000 42.200000 0.006048
-108.400000 42.400000 0.003367
-108.400000 42.600000 0.006072
-108.400000 42.800000 0.007223
-108.400000 43.000000 0.001450
-108.400000 43.200000 0.000401
-108.400000 43.400000 0.002901
-108.400000 43.600000 0.009640
-108.400000 43.800000 0.010156
-108.400000 44.000000 0.008617
-108.400000 44.200000 0.008926
-108.400000 44.400000 0.007528
-108.400000 44.600000 0.004881
-108.400000 44.800000 0.004836
-108.400000 45.000000 0.006288
-108.200000 40.000000 0.008134
-108.200000 40.200000 0.007701
-108.200000 40.400000 0.004571
-108.200000 40.600000 0.005034
-108.200000 40.800000 0.005698
-108.200000 41.000000 0.008222
-108.200000 41.200000 0.006925
-108.200000 41.400000 0.007383
-108.200000 41.600000 0.004957
-108.200000 41.800000 0.001949
-108.200000 42.000000 0.003500
-108.200000 42.200000 0.004087
-108.200000 42.400000 0.004006
-108.200000 42.600000 0.007466
-108.200000 42.800000 0.007952
-108.200000 43.000000 0.003338
-108.200000 43.200000 0.003976
-108.200000 43.400000 0.001351
-108.200000 43.600000 0.006266
-108.200000 43.800000 0.005308
-108.200000 44.000000 0.005232
-108.200000 44.200000 0.007226
-108.200000 44.400000 0.004672
-108.200000 44.600000 0.002332
-108.200000 44.800000 0.004546
-108.200000 45.000000 0.002342
-108.000000 40.000000 0.006743
-108.000000 40.200000 0.007310
-108.000000 40.400000 0.002590
-108.000000 40.600000 0.001703
-108.000000 40.800000 0.003113
-108.000000 41.000000 0.006324
-108.000000 41.200000 0.003025
-108.000000 41.400000 0.002916
-108.000000 41.600000 0.002179
-108.000000 41.800000 0.001373
-108.000000 42.000000 0.003532
-108.000000 42.200000 0.003497
-108.000000 42.400000 0.004275
-108.000000 42.600000 0.006796
-108.000000 42.800000 0.006755
-108.000000 43.000000 0.004894
-108.000000 43.200000 0.004536
-108.000000 43.400000 0.002032
-108.000000 43.600000 0.004443
-108.000000 43.800000 0.004081
-108.000000 44.000000 0.005782
-108.000000 44.200000 0.007583
-108.000000 44.400000 0.005750
-108.000000 44.600000 0.002589
-108.000000 44.800000 0.004033
-108.000000 45.000000 0.002416
-107.800000 40.000000 0.005284
-107.800000 40.200000 0.006325
-107.800000 40.400000 0.001343
-107.800000 40.600000 0.001658
-107.800000 40.800000 0.001955
-107.800000 41.000000 0.005429
-107.800000 41.200000 0.002580
-107.800000 41.400000 0.001821
-107.800000 41.600000 0.001246
-107.800000 41.800000 0.004239
-107.800000 42.000000 0.005210
-107.800000 42.200000 0.009189
-107.800000 42.400000 0.006516
-107.800000 42.600000 0.008003
-107.800000 42.800000 0.012713
-107.800000 43.000000 0.007280
-107.800000 43.200000 0.008582
-107.800000 43.400000 0.007245
-107.800000 43.600000 0.002709
-107.800000 43.800000 0.004384
-107.800000 44.000000 0.004816
-107.800000 44.200000 0.005425
-107.800000 44.400000 0.005348
-107.800000 44.600000 0.006797
-107.800000 44.800000 0.003081
-107.800000 45.000000 0.003924
-107.600000 40.000000 0.006014
-107.600000 40.200000 0.005479
-107.600000 40.400000 0.004169
-107.600000 40.600000 0.004049
-107.600000 40.800000 0.003204
-107.600000 41.000000 0.004813
-107.600000 41.200000 0.002836
-107.600000 41.400000 0.000173
-107.600000 41.600000 0.003241
-107.600000 41.800000 0.004465
-107.600000 42.000000 0.007512
-107.600000 42.200000 0.005284
-107.600000 42.400000 0.006997
-107.600000 42.600000 0.010311
-107.600000 42.800000 0.009306
-107.600000 43.000000 0.008143
-107.600000 43.200000 0.008733
-107.600000 43.400000 0.005325
-107.600000 43.600000 0.001315
-107.600000 43.800000 0.002264
-107.600000 44.000000 0.001953
-107.600000 44.200000 0.004228
-107.600000 44.400000 0.002761
-107.600000 44.600000 0.000836
-107.600000 44.800000 0.005282
-107.600000 45.000000 0.001853
-107.400000 40.000000 0.006352
-107.400000 40.200000 0.007216
-107.400000 40.400000 0.006933
-107.400000 40.600000 0.006728
-107.400000 40.800000 0.006908
-107.400000 41.000000 0.006821
-107.400000 41.200000 0.007822
-107.400000 41.400000 0.008240
-107.400000 41.600000 0.005946
-107.400000 41.800000 0.008131
-107.400000 42.000000 0.010230
-107.400000 42.200000 0.004395
-107.400000 42.400000 0.007954
-107.400000 42.600000 0.009454
-107.400000 42.800000 0.009325
-107.400000 43.000000 0.007796
-107.400000 43.200000 0.008649
-107.400000 43.400000 0.007470
-107.400000 43.600000 0.004668
-107.400000 43.800000 0.003815
-107.400000 44.000000 0.002934
-107.400000 44.200000 0.000406
-107.400000 44.400000 0.000694
-107.400000 44.600000 0.002914
-107.400000 44.800000 0.001903
-107.400000 45.000000 0.000572
-107.200000 40.000000 0.010555
-107.200000 40.200000 0.011079
-107.200000 40.400000 0.007950
-107.200000 40.600000 0.007494
-107.200000 40.800000 0.007032
-107.200000 41.000000 0.008136
-107.200000 41.200000 0.008629
-107.200000 41.400000 0.007899
-107.200000 41.600000 0.010686
-107.200000 41.800000 0.010864
-107.200000 42.000000 0.008019
-107.200000 42.200000 0.009197
-107.200000 42.400000 0.007788
-107.200000 42.600000 0.007896
-107.200000 42.800000 0.011348
-107.200000 43.000000 0.009753
-107.200000 43.200000 0.008949
-107.200000 43.400000 0.008472
-107.200000 43.600000 0.006963
-107.200000 43.800000 0.005322
-107.200000 44.000000 0.004403
-107.200000 44.200000 0.003542
-107.200000 44.400000 0.001967
-107.200000 44.600000 0.001075
-107.200000 44.800000 0.001345
-107.200000 45.000000 0.002078
-107.000000 40.000000 0.011807
-107.000000 40.200000 0.011449
-107.000000 40.400000 0.011228
-107.000000 40.600000 0.008690
-107.000000 40.800000 0.007661
-107.000000 41.000000 0.007143
-107.000000 41.200000 0.006522
-107.000000 41.400000 0.007229
-107.000000 41.600000 0.009355
-107.000000 41.800000 0.008322
-107.000000 42.000000 0.006650
-107.000000 42.200000 0.004257
-107.000000 42.400000 0.006307
-107.000000 42.600000 0.007395
-107.000000 42.800000 0.008755
-107.000000 43.000000 0.008398
-107.000000 43.200000 0.008456
-107.000000 43.400000 0.010634
-107.000000 43.600000 0.008802
-107.000000 43.800000 0.007529
-107.000000 44.000000 0.007748
-107.000000 44.200000 0.004629
-107.000000 44.400000 0.002481
-107.000000 44.600000 0.003823
-107.000000 44.800000 0.002565
-107.000000 45.000000 0.000819
