-113.000000 40.000000 0.008627
-113.000000 40.200000 0.011190
-113.000000 40.400000 0.010957
-113.000000 40.600000 0.011838
-113.000000 40.800000 0.015669
-113.000000 41.000000 0.016607
-113.000000 41.200000 0.019047
-113.000000 41.400000 0.022105
-113.000000 41.600000 0.024196
-113.000000 41.800000 0.026876
-113.000000 42.000000 0.027617
-113.000000 42.200000 0.027123
-113.000000 42.400000 0.026301
-113.000000 42.600000 0.023058
-113.000000 42.800000 0.018996
-113.000000 43.000000 0.014319
-113.000000 43.200000 0.007086
-113.000000 43.400000 0.002134
-113.000000 43.600000 0.009619
-113.000000 43.800000 0.016377
-113.000000 44.000000 0.022182
-113.000000 44.200000 0.026716
-113.000000 44.400000 0.029396
-113.000000 44.600000 0.031448
-113.000000 44.800000 0.033125
-113.000000 45.000000 0.031594
-112.800000 40.000000 0.012933
-112.800000 40.200000 0.012922
-112.800000 40.400000 0.015323
-112.800000 40.600000 0.017713
-112.800000 40.800000 0.018533
-112.800000 41.000000 0.021210
-112.800000 41.200000 0.023637
-112.800000 41.400000 0.025375
-112.800000 41.600000 0.027691
-112.800000 41.800000 0.030305
-112.800000 42.000000 0.031370
-112.800000 42.200000 0.031768
-112.800000 42.400000 0.030791
-112.800000 42.600000 0.027814
-112.800000 42.800000 0.024356
-112.800000 43.000000 0.019177
-112.800000 43.200000 0.011861
-112.800000 43.400000 0.004120
-112.800000 43.600000 0.004430
-112.800000 43.800000 0.011762
-112.800000 44.000000 0.018575
-112.800000 44.200000 0.023190
-112.800000 44.400000 0.027150
-112.800000 44.600000 0.030160
-112.800000 44.800000 0.031469
-112.800000 45.000000 0.031182
-112.600000 40.000000 0.015031
-112.600000 40.200000 0.015360
-112.600000 40.400000 0.017276
-112.600000 40.600000 0.019174
-112.600000 40.800000 0.022130
-112.600000 41.000000 0.022570
-112.600000 41.200000 0.024294
-112.600000 41.400000 0.027314
-112.600000 41.600000 0.029071
-112.600000 41.800000 0.031978
-112.600000 42.000000 0.034486
-112.600000 42.200000 0.036003
-112.600000 42.400000 0.035658
-112.600000 42.600000 0.033771
-112.600000 42.800000 0.030930
-112.600000 43.000000 0.025850
-112.600000 43.200000 0.019582
-112.600000 43.400000 0.010338
-112.600000 43.600000 0.001485
-112.600000 43.800000 0.006786
-112.600000 44.000000 0.015508
-112.600000 44.200000 0.021825
-112.600000 44.400000 0.026373
-112.600000 44.600000 0.030037
-112.600000 44.800000 0.032746
-112.600000 45.000000 0.032076
-112.400000 40.000000 0.016411
-112.400000 40.200000 0.019432
-112.400000 40.400000 0.020495
-112.400000 40.600000 0.024055
-112.400000 40.800000 0.026699
-112.400000 41.000000 0.025480
-112.400000 41.200000 0.026242
-112.400000 41.400000 0.028616
-112.400000 41.600000 0.030201
-112.400000 41.800000 0.032596
-112.400000 42.000000 0.036087
-112.400000 42.200000 0.037262
-112.400000 42.400000 0.037200
-112.400000 42.600000 0.036197
-112.400000 42.800000 0.034168
-112.400000 43.000000 0.029959
-112.400000 43.200000 0.023907
-112.400000 43.400000 0.016348
-112.400000 43.600000 0.008188
-112.400000 43.800000 0.005190
-112.400000 44.000000 0.011992
-112.400000 44.200000 0.018860
-112.400000 44.400000 0.024535
-112.400000 44.600000 0.028749
-112.400000 44.800000 0.032084
-112.400000 45.000000 0.032331
-112.200000 40.000000 0.022085
-112.200000 40.200000 0.022879
-112.200000 40.400000 0.025173
-112.200000 40.600000 0.027671
-112.200000 40.800000 0.027546
-112.200000 41.000000 0.027152
-112.200000 41.200000 0.027089
-112.200000 41.400000 0.026656
-112.200000 41.600000 0.027715
-112.200000 41.800000 0.030240
-112.200000 42.000000 0.032920
-112.200000 42.200000 0.035213
-112.200000 42.400000 0.037277
-112.200000 42.600000 0.037250
-112.200000 42.800000 0.035942
-112.200000 43.000000 0.033272
-112.200000 43.200000 0.028975
-112.200000 43.400000 0.022650
-112.200000 43.600000 0.013985
-112.200000 43.800000 0.007940
-112.200000 44.000000 0.007004
-112.200000 44.200000 0.014017
-112.200000 44.400000 0.019713
-112.200000 44.600000 0.023797
-112.200000 44.800000 0.028131
-112.200000 45.000000 0.029156
-112.000000 40.000000 0.027482
-112.000000 40.200000 0.028275
-112.000000 40.400000 0.029084
-112.000000 40.600000 0.028890
-112.000000 40.800000 0.029288
-112.000000 41.000000 0.026351
-112.000000 41.200000 0.024766
-112.000000 41.400000 0.024414
-112.000000 41.600000 0.023485
-112.000000 41.800000 0.025132
-112.000000 42.000000 0.027861
-112.000000 42.200000 0.032000
-112.000000 42.400000 0.035050
-112.000000 42.600000 0.036695
-112.000000 42.800000 0.038596
-112.000000 43.000000 0.036264
-112.000000 43.200000 0.033464
-112.000000 43.400000 0.029064
-112.000000 43.600000 0.020615
-112.000000 43.800000 0.013619
-112.000000 44.000000 0.008194
-112.000000 44.200000 0.008412
-112.000000 44.400000 0.013843
-112.000000 44.600000 0.018688
-112.000000 44.800000 0.024436
-112.000000 45.000000 0.025268
-111.800000 40.000000 0.029923
-111.800000 40.200000 0.032716
-111.800000 40.400000 0.031786
-111.800000 40.600000 0.030893
-111.800000 40.800000 0.030297
-111.800000 41.000000 0.025372
-111.800000 41.200000 0.023264
-111.800000 41.400000 0.023742
-111.800000 41.600000 0.020934
-111.800000 41.800000 0.021334
-111.800000 42.000000 0.025112
-111.800000 42.200000 0.029206
-111.800000 42.400000 0.033155
-111.800000 42.600000 0.036390
-111.800000 42.800000 0.038887
-111.800000 43.000000 0.038426
-111.800000 43.200000 0.036829
-111.800000 43.400000 0.033207
-111.800000 43.600000 0.027646
-111.800000 43.800000 0.020000
-111.800000 44.000000 0.012153
-111.800000 44.200000 0.005022
-111.800000 44.400000 0.006019
-111.800000 44.600000 0.013168
-111.800000 44.800000 0.017475
-111.800000 45.000000 0.021002
-111.600000 40.000000 0.033021
-111.600000 40.200000 0.033946
-111.600000 40.400000 0.033476
-111.600000 40.600000 0.031414
-111.600000 40.800000 0.028728
-111.600000 41.000000 0.025573
-111.600000 41.200000 0.022375
-111.600000 41.400000 0.019672
-111.600000 41.600000 0.017859
-111.600000 41.800000 0.017039
-111.600000 42.000000 0.019671
-111.600000 42.200000 0.025697
-111.600000 42.400000 0.030554
-111.600000 42.600000 0.035489
-111.600000 42.800000 0.038946
-111.600000 43.000000 0.039917
-111.600000 43.200000 0.039893
-111.600000 43.400000 0.037840
-111.600000 43.600000 0.031590
-111.600000 43.800000 0.025063
-111.600000 44.000000 0.017983
-111.600000 44.200000 0.007985
-111.600000 44.400000 0.003363
-111.600000 44.600000 0.008272
-111.600000 44.800000 0.013626
-111.600000 45.000000 0.016977
-111.400000 40.000000 0.035191
-111.400000 40.200000 0.035673
-111.400000 40.400000 0.033403
-111.400000 40.600000 0.031435
-111.400000 40.800000 0.028398
-111.400000 41.000000 0.023881
-111.400000 41.200000 0.020629
-111.400000 41.400000 0.017958
-111.400000 41.600000 0.015140
-111.400000 41.800000 0.015389
-111.400000 42.000000 0.017677
-111.400000 42.200000 0.023276
-111.400000 42.400000 0.029221
-111.400000 42.600000 0.034594
-111.400000 42.800000 0.039846
-111.400000 43.000000 0.040969
-111.400000 43.200000 0.041275
-111.400000 43.400000 0.040835
-111.400000 43.600000 0.036402
-111.400000 43.800000 0.030540
-111.400000 44.000000 0.023660
-111.400000 44.200000 0.014281
-111.400000 44.400000 0.008953
-111.400000 44.600000 0.008834
-111.400000 44.800000 0.011393
-111.400000 45.000000 0.013230
-111.200000 40.000000 0.034991
-111.200000 40.200000 0.036794
-111.200000 40.400000 0.034334
-111.200000 40.600000 0.032451
-111.200000 40.800000 0.030576
-111.200000 41.000000 0.024691
-111.200000 41.200000 0.021278
-111.200000 41.400000 0.019938
-111.200000 41.600000 0.015320
-111.200000 41.800000 0.015499
-111.200000 42.000000 0.018987
-111.200000 42.200000 0.023144
-111.200000 42.400000 0.028151
-111.200000 42.600000 0.033453
-111.200000 42.800000 0.039375
-111.200000 43.000000 0.041543
-111.200000 43.200000 0.042590
-111.200000 43.400000 0.043613
-111.200000 43.600000 0.040187
-111.200000 43.800000 0.035135
-111.200000 44.000000 0.029148
-111.200000 44.200000 0.020105
-111.200000 44.400000 0.014693
-111.200000 44.600000 0.011903
-111.200000 44.800000 0.011045
-111.200000 45.000000 0.012488
-111.000000 40.000000 0.035933
-111.000000 40.200000 0.036138
-111.000000 40.400000 0.036254
-111.000000 40.600000 0.033847
-111.000000 40.800000 0.030942
-111.000000 41.000000 0.027116
-111.000000 41.200000 0.022732
-111.000000 41.400000 0.019797
-111.000000 41.600000 0.016844
-111.000000 41.800000 0.014671
-111.000000 42.000000 0.017454
-111.000000 42.200000 0.021644
-111.000000 42.400000 0.025749
-111.000000 42.600000 0.031221
-111.000000 42.800000 0.037766
-111.000000 43.000000 0.040751
-111.000000 43.200000 0.043797
-111.000000 43.400000 0.045281
-111.000000 43.600000 0.042197
-111.000000 43.800000 0.038565
-111.000000 44.000000 0.033452
-111.000000 44.200000 0.025181
-111.000000 44.400000 0.018320
-111.000000 44.600000 0.014564
-111.000000 44.800000 0.014741
-111.000000 45.000000 0.014253
-110.800000 40.000000 0.035831
-110.800000 40.200000 0.036980
-110.800000 40.400000 0.035954
-110.800000 40.600000 0.033086
-110.800000 40.800000 0.030209
-110.800000 41.000000 0.026488
-110.800000 41.200000 0.022302
-110.800000 41.400000 0.019955
-110.800000 41.600000 0.015523
-110.800000 41.800000 0.013900
-110.800000 42.000000 0.015512
-110.800000 42.200000 0.018663
-110.800000 42.400000 0.022810
-110.800000 42.600000 0.029327
-110.800000 42.800000 0.035423
-110.800000 43.000000 0.037622
-110.800000 43.200000 0.041896
-110.800000 43.400000 0.045598
-110.800000 43.600000 0.042032
-110.800000 43.800000 0.040207
-110.800000 44.000000 0.037499
-110.800000 44.200000 0.027207
-110.800000 44.400000 0.020470
-110.800000 44.600000 0.018531
-110.800000 44.800000 0.016216
-110.800000 45.000000 0.016481
-110.600000 40.000000 0.034121
-110.600000 40.200000 0.035515
-110.600000 40.400000 0.033236
-110.600000 40.600000 0.031830
-110.600000 40.800000 0.029621
-110.600000 41.000000 0.025509
-110.600000 41.200000 0.021926
-110.600000 41.400000 0.018570
-110.600000 41.600000 0.014066
-110.600000 41.800000 0.012346
-110.600000 42.000000 0.013857
-110.600000 42.200000 0.016101
-110.600000 42.400000 0.020504
-110.600000 42.600000 0.027276
-110.600000 42.800000 0.032951
-110.600000 43.000000 0.035744
-110.600000 43.200000 0.041391
-110.600000 43.400000 0.044747
-110.600000 43.600000 0.043221
-110.600000 43.800000 0.043323
-110.600000 44.000000 0.039387
-110.600000 44.200000 0.031363
-110.600000 44.400000 0.024741
-110.600000 44.600000 0.020955
-110.600000 44.800000 0.020357
-110.600000 45.000000 0.019264
-110.400000 40.000000 0.031320
-110.400000 40.200000 0.031678
-110.400000 40.400000 0.031757
-110.400000 40.600000 0.030180
-110.400000 40.800000 0.028300
-110.400000 41.000000 0.026059
-110.400000 41.200000 0.021435
-110.400000 41.400000 0.018903
-110.400000 41.600000 0.015515
-110.400000 41.800000 0.012664
-110.400000 42.000000 0.014081
-110.400000 42.200000 0.016189
-110.400000 42.400000 0.020604
-110.400000 42.600000 0.026294
-110.400000 42.800000 0.032763
-110.400000 43.000000 0.036466
-110.400000 43.200000 0.039831
-110.400000 43.400000 0.046245
-110.400000 43.600000 0.045984
-110.400000 43.800000 0.044261
-110.400000 44.000000 0.041910
-110.400000 44.200000 0.034399
-110.400000 44.400000 0.027223
-110.400000 44.600000 0.024574
-110.400000 44.800000 0.024218
-110.400000 45.000000 0.022649
-110.200000 40.000000 0.028641
-110.200000 40.200000 0.027605
-110.200000 40.400000 0.028062
-110.200000 40.600000 0.027234
-110.200000 40.800000 0.025282
-110.200000 41.000000 0.023237
-110.200000 41.200000 0.019230
-110.200000 41.400000 0.017063
-110.200000 41.600000 0.013982
-110.200000 41.800000 0.012361
-110.200000 42.000000 0.012914
-110.200000 42.200000 0.015226
-110.200000 42.400000 0.019579
-110.200000 42.600000 0.024542
-110.200000 42.800000 0.029628
-110.200000 43.000000 0.031153
-110.200000 43.200000 0.036790
-110.200000 43.400000 0.043615
-110.200000 43.600000 0.041866
-110.200000 43.800000 0.043235
-110.200000 44.000000 0.042399
-110.200000 44.200000 0.033481
-110.200000 44.400000 0.027926
-110.200000 44.600000 0.028307
-110.200000 44.800000 0.025010
-110.200000 45.000000 0.023581
-110.000000 40.000000 0.024813
-110.000000 40.200000 0.023785
-110.000000 40.400000 0.023640
-110.000000 40.600000 0.024642
-110.000000 40.800000 0.021598
-110.000000 41.000000 0.020063
-110.000000 41.200000 0.017371
-110.000000 41.400000 0.014331
-110.000000 41.600000 0.012473
-110.000000 41.800000 0.010784
-110.000000 42.000000 0.013323
-110.000000 42.200000 0.014883
-110.000000 42.400000 0.019055
-110.000000 42.600000 0.025386
-110.000000 42.800000 0.028918
-110.000000 43.000000 0.030695
-110.000000 43.200000 0.036013
-110.000000 43.400000 0.041268
-110.000000 43.600000 0.041176
-110.000000 43.800000 0.042144
-110.000000 44.000000 0.041873
-110.000000 44.200000 0.036275
-110.000000 44.400000 0.031999
-110.000000 44.600000 0.030747
-110.000000 44.800000 0.029899
-110.000000 45.000000 0.027579
-109.800000 40.000000 0.020211
-109.800000 40.200000 0.019528
-109.800000 40.400000 0.020125
-109.800000 40.600000 0.019980
-109.800000 40.800000 0.017538
-109.800000 41.000000 0.015736
-109.800000 41.200000 0.013799
-109.800000 41.400000 0.013106
-109.800000 41.600000 0.010788
-109.800000 41.800000 0.009998
-109.800000 42.000000 0.013739
-109.800000 42.200000 0.017754
-109.800000 42.400000 0.021690
-109.800000 42.600000 0.026223
-109.800000 42.800000 0.030787
-109.800000 43.000000 0.033461
-109.800000 43.200000 0.036117
-109.800000 43.400000 0.041791
-109.800000 43.600000 0.042799
-109.800000 43.800000 0.040719
-109.800000 44.000000 0.040798
-109.800000 44.200000 0.036742
-109.800000 44.400000 0.031811
-109.800000 44.600000 0.031284
-109.800000 44.800000 0.030309
-109.800000 45.000000 0.028165
-109.600000 40.000000 0.016436
-109.600000 40.200000 0.014287
-109.600000 40.400000 0.017080
-109.600000 40.600000 0.016441
-109.600000 40.800000 0.011730
-109.600000 41.000000 0.010846
-109.600000 41.200000 0.008274
-109.600000 41.400000 0.007139
-109.600000 41.600000 0.006489
-109.600000 41.800000 0.006667
-109.600000 42.000000 0.011303
-109.600000 42.200000 0.015579
-109.600000 42.400000 0.020685
-109.600000 42.600000 0.025230
-109.600000 42.800000 0.029021
-109.600000 43.000000 0.028728
-109.600000 43.200000 0.033011
-109.600000 43.400000 0.038742
-109.600000 43.600000 0.035874
-109.600000 43.800000 0.036768
-109.600000 44.000000 0.037419
-109.600000 44.200000 0.029955
-109.600000 44.400000 0.027977
-109.600000 44.600000 0.029317
-109.600000 44.800000 0.025670
-109.600000 45.000000 0.026110
-109.400000 40.000000 0.013285
-109.400000 40.200000 0.013368
-109.400000 40.400000 0.014713
-109.400000 40.600000 0.016084
-109.400000 40.800000 0.010988
-109.400000 41.000000 0.009756
-109.400000 41.200000 0.008929
-109.400000 41.400000 0.003716
-109.400000 41.600000 0.003789
-109.400000 41.800000 0.002396
-109.400000 42.000000 0.007486
-109.400000 42.200000 0.012169
-109.400000 42.400000 0.017512
-109.400000 42.600000 0.025208
-109.400000 42.800000 0.027643
-109.400000 43.000000 0.027779
-109.400000 43.200000 0.032293
-109.400000 43.400000 0.035722
-109.400000 43.600000 0.035910
-109.400000 43.800000 0.035855
-109.400000 44.000000 0.034883
-109.400000 44.200000 0.030266
-109.400000 44.400000 0.026798
-109.400000 44.600000 0.026282
-109.400000 44.800000 0.025680
-109.400000 45.000000 0.024297
-109.200000 40.000000 0.014387
-109.200000 40.200000 0.014748
-109.200000 40.400000 0.016017
-109.200000 40.600000 0.016390
-109.200000 40.800000 0.015144
-109.200000 41.000000 0.014002
-109.200000 41.200000 0.012731
-109.200000 41.400000 0.009574
-109.200000 41.600000 0.007592
-109.200000 41.800000 0.005750
-109.200000 42.000000 0.006981
-109.200000 42.200000 0.012545
-109.200000 42.400000 0.018820
-109.200000 42.600000 0.024843
-109.200000 42.800000 0.028378
-109.200000 43.000000 0.030582
-109.200000 43.200000 0.032328
-109.200000 43.400000 0.036300
-109.200000 43.600000 0.036061
-109.200000 43.800000 0.032397
-109.200000 44.000000 0.031987
-109.200000 44.200000 0.028578
-109.200000 44.400000 0.022748
-109.200000 44.600000 0.023543
-109.200000 44.800000 0.022511
-109.200000 45.000000 0.020355
-109.000000 40.000000 0.018002
-109.000000 40.200000 0.016096
-109.000000 40.400000 0.018134
-109.000000 40.600000 0.018646
-109.000000 40.800000 0.018172
-109.000000 41.000000 0.018766
-109.000000 41.200000 0.017968
-109.000000 41.400000 0.016175
-109.000000 41.600000 0.014396
-109.000000 41.800000 0.011923
-109.000000 42.000000 0.010707
-109.000000 42.200000 0.013350
-109.000000 42.400000 0.017513
-109.000000 42.600000 0.021754
-109.000000 42.800000 0.026288
-109.000000 43.000000 0.027184
-109.000000 43.200000 0.029095
-109.000000 43.400000 0.034070
-109.000000 43.600000 0.031867
-109.000000 43.800000 0.029993
-109.000000 44.000000 0.027861
-109.000000 44.200000 0.021062
-109.000000 44.400000 0.017744
-109.000000 44.600000 0.017656
-109.000000 44.800000 0.014469
-109.000000 45.000000 0.014614
-108.800000 40.000000 0.020842
-108.800000 40.200000 0.019038
-108.800000 40.400000 0.019960
-108.800000 40.600000 0.021997
-108.800000 40.800000 0.021153
-108.800000 41.000000 0.021705
-108.800000 41.200000 0.022732
-108.800000 41.400000 0.020014
-108.800000 41.600000 0.018352
-108.800000 41.800000 0.017649
-108.800000 42.000000 0.014496
-108.800000 42.200000 0.014449
-108.800000 42.400000 0.017542
-108.800000 42.600000 0.021760
-108.800000 42.800000 0.024854
-108.800000 43.000000 0.025899
-108.800000 43.200000 0.027887
-108.800000 43.400000 0.031466
-108.800000 43.600000 0.032059
-108.800000 43.800000 0.026878
-108.800000 44.000000 0.023273
-108.800000 44.200000 0.019516
-108.800000 44.400000 0.014709
-108.800000 44.600000 0.015842
-108.800000 44.800000 0.014411
-108.800000 45.000000 0.013022
-108.600000 40.000000 0.020502
-108.600000 40.200000 0.019864
-108.600000 40.400000 0.021999
-108.600000 40.600000 0.024456
-108.600000 40.800000 0.024872
-108.600000 41.000000 0.027100
-108.600000 41.200000 0.027324
-108.600000 41.400000 0.025319
-108.600000 41.600000 0.024361
-108.600000 41.800000 0.022938
-108.600000 42.000000 0.020762
-108.600000 42.200000 0.018929
-108.600000 42.400000 0.020301
-108.600000 42.600000 0.022494
-108.600000 42.800000 0.024069
-108.600000 43.000000 0.025859
-108.600000 43.200000 0.028536
-108.600000 43.400000 0.030411
-108.600000 43.600000 0.029745
-108.600000 43.800000 0.026080
-108.600000 44.000000 0.021006
-108.600000 44.200000 0.018775
-108.600000 44.400000 0.016341
-108.600000 44.600000 0.016278
-108.600000 44.800000 0.015618
-108.600000 45.000000 0.015127
-108.400000 40.000000 0.021918
-108.400000 40.200000 0.022016
-108.400000 40.400000 0.025769
-108.400000 40.600000 0.029180
-108.400000 40.800000 0.030836
-108.400000 41.000000 0.033510
-108.400000 41.200000 0.033830
-108.400000 41.400000 0.032284
-108.400000 41.600000 0.031272
-108.400000 41.800000 0.030000
-108.400000 42.000000 0.026861
-108.400000 42.200000 0.024711
-108.400000 42.400000 0.024533
-108.400000 42.600000 0.024281
-108.400000 42.800000 0.024940
-108.400000 43.000000 0.024843
-108.400000 43.200000 0.026747
-108.400000 43.400000 0.028713
-108.400000 43.600000 0.026026
-108.400000 43.800000 0.023212
-108.400000 44.000000 0.019626
-108.400000 44.200000 0.015179
-108.400000 44.400000 0.015819
-108.400000 44.600000 0.016711
-108.400000 44.800000 0.015727
-108.400000 45.000000 0.017541
-108.200000 40.000000 0.026235
-108.200000 40.200000 0.023899
-108.200000 40.400000 0.028777
-108.200000 40.600000 0.034035
-108.200000 40.800000 0.035282
-108.200000 41.000000 0.038716
-108.200000 41.200000 0.040278
-108.200000 41.400000 0.038737
-108.200000 41.600000 0.039107
-108.200000 41.800000 0.037920
-108.200000 42.000000 0.034331
-108.200000 42.200000 0.033313
-108.200000 42.400000 0.031052
-108.200000 42.600000 0.029160
-108.200000 42.800000 0.027970
-108.200000 43.000000 0.027567
-108.200000 43.200000 0.027076
-108.200000 43.400000 0.025973
-108.200000 43.600000 0.026332
-108.200000 43.800000 0.019532
-108.200000 44.000000 0.015763
-108.200000 44.200000 0.014824
-108.200000 44.400000 0.010538
-108.200000 44.600000 0.013190
-108.200000 44.800000 0.013427
-108.200000 45.000000 0.012826
-108.000000 40.000000 0.027385
-108.000000 40.200000 0.029106
-108.000000 40.400000 0.033463
-108.000000 40.600000 0.038526
-108.000000 40.800000 0.041730
-108.000000 41.000000 0.045198
-108.000000 41.200000 0.046899
-108.000000 41.400000 0.047388
-108.000000 41.600000 0.046996
-108.000000 41.800000 0.046562
-108.000000 42.000000 0.044162
-108.000000 42.200000 0.041864
-108.000000 42.400000 0.038274
-108.000000 42.600000 0.034707
-108.000000 42.800000 0.031594
-108.000000 43.000000 0.029420
-108.000000 43.200000 0.027577
-108.000000 43.400000 0.025353
-108.000000 43.600000 0.024563
-108.000000 43.800000 0.020017
-108.000000 44.000000 0.013750
-108.000000 44.200000 0.011626
-108.000000 44.400000 0.010945
-108.000000 44.600000 0.012447
-108.000000 44.800000 0.012928
-108.000000 45.000000 0.012938
-107.800000 40.000000 0.029355
-107.800000 40.200000 0.033384
-107.800000 40.400000 0.038045
-107.800000 40.600000 0.043552
-107.800000 40.800000 0.047652
-107.800000 41.000000 0.050718
-107.800000 41.200000 0.052306
-107.800000 41.400000 0.053006
-107.800000 41.600000 0.052879
-107.800000 41.800000 0.051802
-107.800000 42.000000 0.049197
-107.800000 42.200000 0.047441
-107.800000 42.400000 0.043809
-107.800000 42.600000 0.038540
-107.800000 42.800000 0.036023
-107.800000 43.000000 0.032305
-107.800000 43.200000 0.028404
-107.800000 43.400000 0.026292
-107.800000 43.600000 0.022848
-107.800000 43.800000 0.016590
-107.800000 44.000000 0.012590
-107.800000 44.200000 0.009810
-107.800000 44.400000 0.011263
-107.800000 44.600000 0.013963
-107.800000 44.800000 0.013807
-107.800000 45.000000 0.013891
-107.600000 40.000000 0.031244
-107.600000 40.200000 0.034364
-107.600000 40.400000 0.040556
-107.600000 40.600000 0.046633
-107.600000 40.800000 0.050484
-107.600000 41.000000 0.053294
-107.600000 41.200000 0.054819
-107.600000 41.400000 0.055328
-107.600000 41.600000 0.056264
-107.600000 41.800000 0.055338
-107.600000 42.000000 0.053106
-107.600000 42.200000 0.053127
-107.600000 42.400000 0.046394
-107.600000 42.600000 0.039999
-107.600000 42.800000 0.037773
-107.600000 43.000000 0.033302
-107.600000 43.200000 0.029081
-107.600000 43.400000 0.023702
-107.600000 43.600000 0.019972
-107.600000 43.800000 0.013286
-107.600000 44.000000 0.010441
-107.600000 44.200000 0.009863
-107.600000 44.400000 0.009334
-107.600000 44.600000 0.012955
-107.600000 44.800000 0.013912
-107.600000 45.000000 0.010992
-107.400000 40.000000 0.029525
-107.400000 40.200000 0.034732
-107.400000 40.400000 0.040575
-107.400000 40.600000 0.045761
-107.400000 40.800000 0.050625
-107.400000 41.000000 0.051408
-107.400000 41.200000 0.052579
-107.400000 41.400000 0.054907
-107.400000 41.600000 0.056088
-107.400000 41.800000 0.055455
-107.400000 42.000000 0.055805
-107.400000 42.200000 0.053622
-107.400000 42.400000 0.046230
-107.400000 42.600000 0.040514
-107.400000 42.800000 0.037176
-107.400000 43.000000 0.032138
-107.400000 43.200000 0.027139
-107.400000 43.400000 0.021739
-107.400000 43.600000 0.017694
-107.400000 43.800000 0.011434
-107.400000 44.000000 0.006823
-107.400000 44.200000 0.008443
-107.400000 44.400000 0.011512
-107.400000 44.600000 0.013853
-107.400000 44.800000 0.014254
-107.400000 45.000000 0.011060
-107.200000 40.000000 0.026919
-107.200000 40.200000 0.031499
-107.200000 40.400000 0.036801
-107.200000 40.600000 0.041981
-107.200000 40.800000 0.044062
-107.200000 41.000000 0.046552
-107.200000 41.200000 0.047450
-107.200000 41.400000 0.048461
-107.200000 41.600000 0.050270
-107.200000 41.800000 0.049909
-107.200000 42.000000 0.048650
-107.200000 42.200000 0.048542
-107.200000 42.400000 0.042875
-107.200000 42.600000 0.037405
-107.200000 42.800000 0.035995
-107.200000 43.000000 0.031042
-107.200000 43.200000 0.025558
-107.200000 43.400000 0.022183
-107.200000 43.600000 0.016466
-107.200000 43.800000 0.009995
-107.200000 44.000000 0.007355
-107.200000 44.200000 0.008247
-107.200000 44.400000 0.013124
-107.200000 44.600000 0.014935
-107.200000 44.800000 0.014356
-107.200000 45.000000 0.012363
-107.000000 40.000000 0.026207
-107.000000 40.200000 0.028794
-107.000000 40.400000 0.034718
-107.000000 40.600000 0.038047
-107.000000 40.800000 0.038365
-107.000000 41.000000 0.041524
-107.000000 41.200000 0.042585
-107.000000 41.400000 0.043025
-107.000000 41.600000 0.045332
-107.000000 41.800000 0.044299
-107.000000 42.000000 0.042627
-107.000000 42.200000 0.043918
-107.000000 42.400000 0.039561
-107.000000 42.600000 0.033453
-107.000000 42.800000 0.031087
-107.000000 43.000000 0.026936
-107.000000 43.200000 0.021684
-107.000000 43.400000 0.017902
-107.000000 43.600000 0.012396
-107.000000 43.800000 0.010384
-107.000000 44.000000 0.008046
-107.000000 44.200000 0.007172
-107.000000 44.400000 0.011418
-107.000000 44.600000 0.014708
-107.000000 44.800000 0.014951
-107.000000 45.000000 0.012224
