-113.000000 40.000000 0.007214
-113.000000 40.200000 0.011928
-113.000000 40.400000 0.011625
-113.000000 40.600000 0.012755
-113.000000 40.800000 0.014459
-113.000000 41.000000 0.015439
-113.000000 41.200000 0.015882
-113.000000 41.400000 0.017018
-113.000000 41.600000 0.017802
-113.000000 41.800000 0.020214
-113.000000 42.000000 0.018914
-113.000000 42.200000 0.018814
-113.000000 42.400000 0.018821
-113.000000 42.600000 0.015158
-113.000000 42.800000 0.015630
-113.000000 43.000000 0.013326
-113.000000 43.200000 0.008596
-113.000000 43.400000 0.007876
-113.000000 43.600000 0.005235
-113.000000 43.800000 0.004744
-113.000000 44.000000 0.003256
-113.000000 44.200000 0.002633
-113.000000 44.400000 0.002860
-113.000000 44.600000 0.002121
-113.000000 44.800000 0.001365
-113.000000 45.000000 0.002752
-112.800000 40.000000 0.015053
-112.800000 40.200000 0.016246
-112.800000 40.400000 0.016068
-112.800000 40.600000 0.015509
-112.800000 40.800000 0.015709
-112.800000 41.000000 0.016359
-112.800000 41.200000 0.016903
-112.800000 41.400000 0.016830
-112.800000 41.600000 0.019319
-112.800000 41.800000 0.020425
-112.800000 42.000000 0.020101
-112.800000 42.200000 0.021217
-112.800000 42.400000 0.019455
-112.800000 42.600000 0.018201
-112.800000 42.800000 0.018208
-112.800000 43.000000 0.015710
-112.800000 43.200000 0.012722
-112.800000 43.400000 0.010831
-112.800000 43.600000 0.008403
-112.800000 43.800000 0.006903
-112.800000 44.000000 0.006118
-112.800000 44.200000 0.003589
-112.800000 44.400000 0.002183
-112.800000 44.600000 0.002162
-112.800000 44.800000 0.003692
-112.800000 45.000000 0.003487
-112.600000 40.000000 0.015599
-112.600000 40.200000 0.017681
-112.600000 40.400000 0.017125
-112.600000 40.600000 0.015868
-112.600000 40.800000 0.016350
-112.600000 41.000000 0.016034
-112.600000 41.200000 0.015713
-112.600000 41.400000 0.018256
-112.600000 41.600000 0.018189
-112.600000 41.800000 0.019143
-112.600000 42.000000 0.022173
-112.600000 42.200000 0.016632
-112.600000 42.400000 0.015294
-112.600000 42.600000 0.016905
-112.600000 42.800000 0.013853
-112.600000 43.000000 0.011063
-112.600000 43.200000 0.011027
-112.600000 43.400000 0.008020
-112.600000 43.600000 0.005355
-112.600000 43.800000 0.005037
-112.600000 44.000000 0.004029
-112.600000 44.200000 0.000943
-112.600000 44.400000 0.002046
-112.600000 44.600000 0.003309
-112.600000 44.800000 0.003315
-112.600000 45.000000 0.005304
-112.400000 40.000000 0.014306
-112.400000 40.200000 0.016975
-112.400000 40.400000 0.014934
-112.400000 40.600000 0.015300
-112.400000 40.800000 0.017625
-112.400000 41.000000 0.015297
-112.400000 41.200000 0.016226
-112.400000 41.400000 0.017689
-112.400000 41.600000 0.017700
-112.400000 41.800000 0.019623
-112.400000 42.000000 0.017622
-112.400000 42.200000 0.016468
-112.400000 42.400000 0.015881
-112.400000 42.600000 0.012460
-112.400000 42.800000 0.011547
-112.400000 43.000000 0.010539
-112.400000 43.200000 0.008263
-112.400000 43.400000 0.007384
-112.400000 43.600000 0.004981
-112.400000 43.800000 0.004559
-112.400000 44.000000 0.003697
-112.400000 44.200000 0.001937
-112.400000 44.400000 0.002266
-112.400000 44.600000 0.003990
-112.400000 44.800000 0.006906
-112.400000 45.000000 0.008090
-112.200000 40.000000 0.013634
-112.200000 40.200000 0.013088
-112.200000 40.400000 0.012085
-112.200000 40.600000 0.014073
-112.200000 40.800000 0.014496
-112.200000 41.000000 0.011186
-112.200000 41.200000 0.015547
-112.200000 41.400000 0.014143
-112.200000 41.600000 0.014600
-112.200000 41.800000 0.018008
-112.200000 42.000000 0.015535
-112.200000 42.200000 0.015177
-112.200000 42.400000 0.015598
-112.200000 42.600000 0.011395
-112.200000 42.800000 0.011092
-112.200000 43.000000 0.011275
-112.200000 43.200000 0.009160
-112.200000 43.400000 0.009133
-112.200000 43.600000 0.006561
-112.200000 43.800000 0.004785
-112.200000 44.000000 0.004943
-112.200000 44.200000 0.006066
-112.200000 44.400000 0.005836
-112.200000 44.600000 0.008975
-112.200000 44.800000 0.012045
-112.200000 45.000000 0.013414
-112.000000 40.000000 0.011961
-112.000000 40.200000 0.009939
-112.000000 40.400000 0.011675
-112.000000 40.600000 0.012832
-112.000000 40.800000 0.012461
-112.000000 41.000000 0.012908
-112.000000 41.200000 0.011711
-112.000000 41.400000 0.011244
-112.000000 41.600000 0.011324
-112.000000 41.800000 0.011187
-112.000000 42.000000 0.010154
-112.000000 42.200000 0.010056
-112.000000 42.400000 0.008275
-112.000000 42.600000 0.007252
-112.000000 42.800000 0.009887
-112.000000 43.000000 0.009124
-112.000000 43.200000 0.010794
-112.000000 43.400000 0.011925
-112.000000 43.600000 0.010661
-112.000000 43.800000 0.008811
-112.000000 44.000000 0.005664
-112.000000 44.200000 0.007995
-112.000000 44.400000 0.006626
-112.000000 44.600000 0.010340
-112.000000 44.800000 0.013245
-112.000000 45.000000 0.014992
-111.800000 40.000000 0.006597
-111.800000 40.200000 0.006822
-111.800000 40.400000 0.007043
-111.800000 40.600000 0.011278
-111.800000 40.800000 0.011343
-111.800000 41.000000 0.010512
-111.800000 41.200000 0.009705
-111.800000 41.400000 0.009277
-111.800000 41.600000 0.008935
-111.800000 41.800000 0.008206
-111.800000 42.000000 0.007124
-111.800000 42.200000 0.008181
-111.800000 42.400000 0.006352
-111.800000 42.600000 0.009398
-111.800000 42.800000 0.009943
-111.800000 43.000000 0.011052
-111.800000 43.200000 0.012144
-111.800000 43.400000 0.011861
-111.800000 43.600000 0.011077
-111.800000 43.800000 0.009162
-111.800000 44.000000 0.004712
-111.800000 44.200000 0.003261
-111.800000 44.400000 0.006813
-111.800000 44.600000 0.010799
-111.800000 44.800000 0.015033
-111.800000 45.000000 0.017762
-111.600000 40.000000 0.004036
-111.600000 40.200000 0.002141
-111.600000 40.400000 0.004480
-111.600000 40.600000 0.007951
-111.600000 40.800000 0.008225
-111.600000 41.000000 0.009047
-111.600000 41.200000 0.008225
-111.600000 41.400000 0.006450
-111.600000 41.600000 0.006281
-111.600000 41.800000 0.007431
-111.600000 42.000000 0.006827
-111.600000 42.200000 0.008938
-111.600000 42.400000 0.010871
-111.600000 42.600000 0.011918
-111.600000 42.800000 0.013257
-111.600000 43.000000 0.013252
-111.600000 43.200000 0.012575
-111.600000 43.400000 0.012974
-111.600000 43.600000 0.010431
-111.600000 43.800000 0.006887
-111.600000 44.000000 0.003076
-111.600000 44.200000 0.003097
-111.600000 44.400000 0.007778
-111.600000 44.600000 0.012622
-111.600000 44.800000 0.017797
-111.600000 45.000000 0.019527
-111.400000 40.000000 0.005288
-111.400000 40.200000 0.002177
-111.400000 40.400000 0.002565
-111.400000 40.600000 0.005112
-111.400000 40.800000 0.006092
-111.400000 41.000000 0.007128
-111.400000 41.200000 0.005698
-111.400000 41.400000 0.006078
-111.400000 41.600000 0.005306
-111.400000 41.800000 0.006273
-111.400000 42.000000 0.008503
-111.400000 42.200000 0.010306
-111.400000 42.400000 0.013871
-111.400000 42.600000 0.014832
-111.400000 42.800000 0.015489
-111.400000 43.000000 0.015923
-111.400000 43.200000 0.015468
-111.400000 43.400000 0.012620
-111.400000 43.600000 0.008672
-111.400000 43.800000 0.006614
-111.400000 44.000000 0.001526
-111.400000 44.200000 0.006777
-111.400000 44.400000 0.009708
-111.400000 44.600000 0.017294
-111.400000 44.800000 0.021361
-111.400000 45.000000 0.022232
-111.200000 40.000000 0.008816
-111.200000 40.200000 0.005497
-111.200000 40.400000 0.001778
-111.200000 40.600000 0.003065
-111.200000 40.800000 0.003623
-111.200000 41.000000 0.004389
-111.200000 41.200000 0.004203
-111.200000 41.400000 0.003533
-111.200000 41.600000 0.004656
-111.200000 41.800000 0.006134
-111.200000 42.000000 0.009814
-111.200000 42.200000 0.012286
-111.200000 42.400000 0.016751
-111.200000 42.600000 0.021022
-111.200000 42.800000 0.020034
-111.200000 43.000000 0.020236
-111.200000 43.200000 0.017496
-111.200000 43.400000 0.012511
-111.200000 43.600000 0.009750
-111.200000 43.800000 0.005521
-111.200000 44.000000 0.002461
-111.200000 44.200000 0.007662
-111.200000 44.400000 0.011815
-111.200000 44.600000 0.018509
-111.200000 44.800000 0.022800
-111.200000 45.000000 0.024201
-111.000000 40.000000 0.010995
-111.000000 40.200000 0.007625
-111.000000 40.400000 0.002328
-111.000000 40.600000 0.001065
-111.000000 40.800000 0.001398
-111.000000 41.000000 0.002111
-111.000000 41.200000 0.001961
-111.000000 41.400000 0.001482
-111.000000 41.600000 0.004635
-111.000000 41.800000 0.008694
-111.000000 42.000000 0.011979
-111.000000 42.200000 0.016252
-111.000000 42.400000 0.019789
-111.000000 42.600000 0.022985
-111.000000 42.800000 0.023870
-111.000000 43.000000 0.022630
-111.000000 43.200000 0.019589
-111.000000 43.400000 0.015584
-111.000000 43.600000 0.010213
-111.000000 43.800000 0.006552
-111.000000 44.000000 0.002349
-111.000000 44.200000 0.008338
-111.000000 44.400000 0.013287
-111.000000 44.600000 0.020167
-111.000000 44.800000 0.024891
-111.000000 45.000000 0.024560
-110.800000 40.000000 0.011708
-110.800000 40.200000 0.007670
-110.800000 40.400000 0.003512
-110.800000 40.600000 0.001747
-110.800000 40.800000 0.002241
-110.800000 41.000000 0.003563
-110.800000 41.200000 0.001825
-110.800000 41.400000 0.001274
-110.800000 41.600000 0.002660
-110.800000 41.800000 0.007957
-110.800000 42.000000 0.012371
-110.800000 42.200000 0.016915
-110.800000 42.400000 0.022067
-110.800000 42.600000 0.023391
-110.800000 42.800000 0.025716
-110.800000 43.000000 0.022966
-110.800000 43.200000 0.021012
-110.800000 43.400000 0.015848
-110.800000 43.600000 0.009742
-110.800000 43.800000 0.006236
-110.800000 44.000000 0.004406
-110.800000 44.200000 0.011113
-110.800000 44.400000 0.016320
-110.800000 44.600000 0.023406
-110.800000 44.800000 0.027357
-110.800000 45.000000 0.025577
-110.600000 40.000000 0.012414
-110.600000 40.200000 0.008379
-110.600000 40.400000 0.002459
-110.600000 40.600000 0.002798
-110.600000 40.800000 0.003331
-110.600000 41.000000 0.003986
-110.600000 41.200000 0.006364
-110.600000 41.400000 0.003794
-110.600000 41.600000 0.001483
-110.600000 41.800000 0.004569
-110.600000 42.000000 0.011501
-110.600000 42.200000 0.014826
-110.600000 42.400000 0.021874
-110.600000 42.600000 0.027698
-110.600000 42.800000 0.025090
-110.600000 43.000000 0.024325
-110.600000 43.200000 0.021631
-110.600000 43.400000 0.013090
-110.600000 43.600000 0.009604
-110.600000 43.800000 0.005826
-110.600000 44.000000 0.008052
-110.600000 44.200000 0.015921
-110.600000 44.400000 0.019636
-110.600000 44.600000 0.025835
-110.600000 44.800000 0.028773
-110.600000 45.000000 0.027330
-110.400000 40.000000 0.014583
-110.400000 40.200000 0.008917
-110.400000 40.400000 0.002469
-110.400000 40.600000 0.002899
-110.400000 40.800000 0.005688
-110.400000 41.000000 0.006748
-110.400000 41.200000 0.007504
-110.400000 41.400000 0.008169
-110.400000 41.600000 0.004956
-110.400000 41.800000 0.004900
-110.400000 42.000000 0.011331
-110.400000 42.200000 0.015483
-110.400000 42.400000 0.021578
-110.400000 42.600000 0.026969
-110.400000 42.800000 0.026158
-110.400000 43.000000 0.024818
-110.400000 43.200000 0.021169
-110.400000 43.400000 0.014526
-110.400000 43.600000 0.010100
-110.400000 43.800000 0.008918
-110.400000 44.000000 0.013441
-110.400000 44.200000 0.022406
-110.400000 44.400000 0.024669
-110.400000 44.600000 0.031311
-110.400000 44.800000 0.034773
-110.400000 45.000000 0.031773
-110.200000 40.000000 0.015848
-110.200000 40.200000 0.009051
-110.200000 40.400000 0.005573
-110.200000 40.600000 0.005479
-110.200000 40.800000 0.007178
-110.200000 41.000000 0.007947
-110.200000 41.200000 0.008468
-110.200000 41.400000 0.009046
-110.200000 41.600000 0.006449
-110.200000 41.800000 0.004394
-110.200000 42.000000 0.005811
-110.200000 42.200000 0.013999
-110.200000 42.400000 0.019187
-110.200000 42.600000 0.021749
-110.200000 42.800000 0.025251
-110.200000 43.000000 0.022471
-110.200000 43.200000 0.019461
-110.200000 43.400000 0.014881
-110.200000 43.600000 0.011129
-110.200000 43.800000 0.011832
-110.200000 44.000000 0.014988
-110.200000 44.200000 0.022041
-110.200000 44.400000 0.027390
-110.200000 44.600000 0.033653
-110.200000 44.800000 0.037051
-110.200000 45.000000 0.035474
-110.000000 40.000000 0.016111
-110.000000 40.200000 0.011459
-110.000000 40.400000 0.009669
-110.000000 40.600000 0.009106
-110.000000 40.800000 0.011046
-110.000000 41.000000 0.010405
-110.000000 41.200000 0.011009
-110.000000 41.400000 0.011906
-110.000000 41.600000 0.010093
-110.000000 41.800000 0.006490
-110.000000 42.000000 0.004931
-110.000000 42.200000 0.010118
-110.000000 42.400000 0.015878
-110.000000 42.600000 0.020933
-110.000000 42.800000 0.022648
-110.000000 43.000000 0.021006
-110.000000 43.200000 0.018320
-110.000000 43.400000 0.013384
-110.000000 43.600000 0.010759
-110.000000 43.800000 0.010552
-110.000000 44.000000 0.014406
-110.000000 44.200000 0.022472
-110.000000 44.400000 0.025213
-110.000000 44.600000 0.030563
-110.000000 44.800000 0.035621
-110.000000 45.000000 0.034130
-109.800000 40.000000 0.017790
-109.800000 40.200000 0.014658
-109.800000 40.400000 0.011188
-109.800000 40.600000 0.010790
-109.800000 40.800000 0.012991
-109.800000 41.000000 0.012021
-109.800000 41.200000 0.011039
-109.800000 41.400000 0.012984
-109.800000 41.600000 0.011259
-109.800000 41.800000 0.005348
-109.800000 42.000000 0.006922
-109.800000 42.200000 0.008795
-109.800000 42.400000 0.014299
-109.800000 42.600000 0.021043
-109.800000 42.800000 0.022334
-109.800000 43.000000 0.021193
-109.800000 43.200000 0.019532
-109.800000 43.400000 0.013515
-109.800000 43.600000 0.011493
-109.800000 43.800000 0.011955
-109.800000 44.000000 0.016684
-109.800000 44.200000 0.023526
-109.800000 44.400000 0.027444
-109.800000 44.600000 0.032537
-109.800000 44.800000 0.034635
-109.800000 45.000000 0.034765
-109.600000 40.000000 0.018950
-109.600000 40.200000 0.013224
-109.600000 40.400000 0.012671
-109.600000 40.600000 0.012530
-109.600000 40.800000 0.012952
-109.600000 41.000000 0.012272
-109.600000 41.200000 0.012346
-109.600000 41.400000 0.012566
-109.600000 41.600000 0.010237
-109.600000 41.800000 0.007696
-109.600000 42.000000 0.003822
-109.600000 42.200000 0.008298
-109.600000 42.400000 0.012784
-109.600000 42.600000 0.017052
-109.600000 42.800000 0.021324
-109.600000 43.000000 0.020136
-109.600000 43.200000 0.018608
-109.600000 43.400000 0.015752
-109.600000 43.600000 0.014804
-109.600000 43.800000 0.016124
-109.600000 44.000000 0.019086
-109.600000 44.200000 0.021762
-109.600000 44.400000 0.028638
-109.600000 44.600000 0.034599
-109.600000 44.800000 0.035522
-109.600000 45.000000 0.034025
-109.400000 40.000000 0.015856
-109.400000 40.200000 0.012274
-109.400000 40.400000 0.011944
-109.400000 40.600000 0.012520
-109.400000 40.800000 0.013662
-109.400000 41.000000 0.014297
-109.400000 41.200000 0.013520
-109.400000 41.400000 0.013418
-109.400000 41.600000 0.013525
-109.400000 41.800000 0.007406
-109.400000 42.000000 0.002846
-109.400000 42.200000 0.006827
-109.400000 42.400000 0.013900
-109.400000 42.600000 0.017748
-109.400000 42.800000 0.019989
-109.400000 43.000000 0.022638
-109.400000 43.200000 0.018519
-109.400000 43.400000 0.018259
-109.400000 43.600000 0.017720
-109.400000 43.800000 0.015009
-109.400000 44.000000 0.017375
-109.400000 44.200000 0.023439
-109.400000 44.400000 0.026827
-109.400000 44.600000 0.031401
-109.400000 44.800000 0.034793
-109.400000 45.000000 0.032477
-109.200000 40.000000 0.014542
-109.200000 40.200000 0.012261
-109.200000 40.400000 0.010673
-109.200000 40.600000 0.011284
-109.200000 40.800000 0.014495
-109.200000 41.000000 0.014973
-109.200000 41.200000 0.013087
-109.200000 41.400000 0.016064
-109.200000 41.600000 0.013402
-109.200000 41.800000 0.007232
-109.200000 42.000000 0.006130
-109.200000 42.200000 0.008353
-109.200000 42.400000 0.013135
-109.200000 42.600000 0.018714
-109.200000 42.800000 0.025733
-109.200000 43.000000 0.023832
-109.200000 43.200000 0.018291
-109.200000 43.400000 0.017435
-109.200000 43.600000 0.015389
-109.200000 43.800000 0.015721
-109.200000 44.000000 0.018720
-109.200000 44.200000 0.023254
-109.200000 44.400000 0.027847
-109.200000 44.600000 0.031180
-109.200000 44.800000 0.030657
-109.200000 45.000000 0.029802
-109.000000 40.000000 0.012128
-109.000000 40.200000 0.009593
-109.000000 40.400000 0.008847
-109.000000 40.600000 0.010917
-109.000000 40.800000 0.013506
-109.000000 41.000000 0.014267
-109.000000 41.200000 0.013667
-109.000000 41.400000 0.012550
-109.000000 41.600000 0.008871
-109.000000 41.800000 0.008407
-109.000000 42.000000 0.004968
-109.000000 42.200000 0.008852
-109.000000 42.400000 0.016946
-109.000000 42.600000 0.021391
-109.000000 42.800000 0.024420
-109.000000 43.000000 0.022648
-109.000000 43.200000 0.020350
-109.000000 43.400000 0.018230
-109.000000 43.600000 0.015960
-109.000000 43.800000 0.018095
-109.000000 44.000000 0.020378
-109.000000 44.200000 0.020300
-109.000000 44.400000 0.027190
-109.000000 44.600000 0.029951
-109.000000 44.800000 0.027783
-109.000000 45.000000 0.026662
-108.800000 40.000000 0.009987
-108.800000 40.200000 0.006381
-108.800000 40.400000 0.004343
-108.800000 40.600000 0.006607
-108.800000 40.800000 0.011376
-108.800000 41.000000 0.015089
-108.800000 41.200000 0.014867
-108.800000 41.400000 0.011655
-108.800000 41.600000 0.009763
-108.800000 41.800000 0.003660
-108.800000 42.000000 0.007738
-108.800000 42.200000 0.014254
-108.800000 42.400000 0.018675
-108.800000 42.600000 0.021440
-108.800000 42.800000 0.025285
-108.800000 43.000000 0.025784
-108.800000 43.200000 0.021082
-108.800000 43.400000 0.020850
-108.800000 43.600000 0.019848
-108.800000 43.800000 0.014849
-108.800000 44.000000 0.014642
-108.800000 44.200000 0.018774
-108.800000 44.400000 0.021838
-108.800000 44.600000 0.023880
-108.800000 44.800000 0.025560
-108.800000 45.000000 0.023955
-108.600000 40.000000 0.009512
-108.600000 40.200000 0.005113
-108.600000 40.400000 0.001198
-108.600000 40.600000 0.005391
-108.600000 40.800000 0.011967
-108.600000 41.000000 0.015885
-108.600000 41.200000 0.014524
-108.600000 41.400000 0.013518
-108.600000 41.600000 0.009069
-108.600000 41.800000 0.003903
-108.600000 42.000000 0.006995
-108.600000 42.200000 0.014987
-108.600000 42.400000 0.020719
-108.600000 42.600000 0.025018
-108.600000 42.800000 0.027895
-108.600000 43.000000 0.024690
-108.600000 43.200000 0.021318
-108.600000 43.400000 0.015749
-108.600000 43.600000 0.013718
-108.600000 43.800000 0.011459
-108.600000 44.000000 0.012346
-108.600000 44.200000 0.014595
-108.600000 44.400000 0.021091
-108.600000 44.600000 0.023542
-108.600000 44.800000 0.021818
-108.600000 45.000000 0.022961
-108.400000 40.000000 0.012150
-108.400000 40.200000 0.009438
-108.400000 40.400000 0.006786
-108.400000 40.600000 0.007984
-108.400000 40.800000 0.013101
-108.400000 41.000000 0.014641
-108.400000 41.200000 0.014840
-108.400000 41.400000 0.012617
-108.400000 41.600000 0.006635
-108.400000 41.800000 0.005383
-108.400000 42.000000 0.008283
-108.400000 42.200000 0.015869
-108.400000 42.400000 0.022084
-108.400000 42.600000 0.025635
-108.400000 42.800000 0.028650
-108.400000 43.000000 0.024559
-108.400000 43.200000 0.018722
-108.400000 43.400000 0.012947
-108.400000 43.600000 0.009541
-108.400000 43.800000 0.007601
-108.400000 44.000000 0.010385
-108.400000 44.200000 0.013889
-108.400000 44.400000 0.019055
-108.400000 44.600000 0.021932
-108.400000 44.800000 0.021032
-108.400000 45.000000 0.018770
-108.200000 40.000000 0.018664
-108.200000 40.200000 0.017115
-108.200000 40.400000 0.015066
-108.200000 40.600000 0.014682
-108.200000 40.800000 0.016569
-108.200000 41.000000 0.017826
-108.200000 41.200000 0.018445
-108.200000 41.400000 0.013993
-108.200000 41.600000 0.009512
-108.200000 41.800000 0.009509
-108.200000 42.000000 0.012980
-108.200000 42.200000 0.018254
-108.200000 42.400000 0.024291
-108.200000 42.600000 0.028398
-108.200000 42.800000 0.031219
-108.200000 43.000000 0.027337
-108.200000 43.200000 0.021833
-108.200000 43.400000 0.018254
-108.200000 43.600000 0.013939
-108.200000 43.800000 0.005749
-108.200000 44.000000 0.005737
-108.200000 44.200000 0.011943
-108.200000 44.400000 0.013933
-108.200000 44.600000 0.017963
-108.200000 44.800000 0.019956
-108.200000 45.000000 0.016505
-108.000000 40.000000 0.023606
-108.000000 40.200000 0.022455
-108.000000 40.400000 0.021299
-108.000000 40.600000 0.021612
-108.000000 40.800000 0.023743
-108.000000 41.000000 0.023080
-108.000000 41.200000 0.020635
-108.000000 41.400000 0.018658
-108.000000 41.600000 0.014606
-108.000000 41.800000 0.014445
-108.000000 42.000000 0.019760
-108.000000 42.200000 0.023960
-108.000000 42.400000 0.027255
-108.000000 42.600000 0.031119
-108.000000 42.800000 0.033264
-108.000000 43.000000 0.026881
-108.000000 43.200000 0.022181
-108.000000 43.400000 0.016488
-108.000000 43.600000 0.010130
-108.000000 43.800000 0.003670
-108.000000 44.000000 0.004989
-108.000000 44.200000 0.011026
-108.000000 44.400000 0.016586
-108.000000 44.600000 0.018212
-108.000000 44.800000 0.018126
-108.000000 45.000000 0.017485
-107.800000 40.000000 0.027362
-107.800000 40.200000 0.026450
-107.800000 40.400000 0.027552
-107.800000 40.600000 0.028209
-107.800000 40.800000 0.028131
-107.800000 41.000000 0.029030
-107.800000 41.200000 0.028931
-107.800000 41.400000 0.024745
-107.800000 41.600000 0.022621
-107.800000 41.800000 0.021734
-107.800000 42.000000 0.022227
-107.800000 42.200000 0.026739
-107.800000 42.400000 0.028915
-107.800000 42.600000 0.029056
-107.800000 42.800000 0.031453
-107.800000 43.000000 0.028521
-107.800000 43.200000 0.020970
-107.800000 43.400000 0.013020
-107.800000 43.600000 0.008766
-107.800000 43.800000 0.001050
-107.800000 44.000000 0.005856
-107.800000 44.200000 0.008066
-107.800000 44.400000 0.012908
-107.800000 44.600000 0.016624
-107.800000 44.800000 0.015641
-107.800000 45.000000 0.013828
-107.600000 40.000000 0.031639
-107.600000 40.200000 0.032955
-107.600000 40.400000 0.033558
-107.600000 40.600000 0.034406
-107.600000 40.800000 0.034855
-107.600000 41.000000 0.034970
-107.600000 41.200000 0.034713
-107.600000 41.400000 0.031280
-107.600000 41.600000 0.027785
-107.600000 41.800000 0.025708
-107.600000 42.000000 0.026128
-107.600000 42.200000 0.027175
-107.600000 42.400000 0.027685
-107.600000 42.600000 0.028780
-107.600000 42.800000 0.029430
-107.600000 43.000000 0.026693
-107.600000 43.200000 0.023489
-107.600000 43.400000 0.016042
-107.600000 43.600000 0.012746
-107.600000 43.800000 0.006215
-107.600000 44.000000 0.000461
-107.600000 44.200000 0.003032
-107.600000 44.400000 0.006154
-107.600000 44.600000 0.011621
-107.600000 44.800000 0.013565
-107.600000 45.000000 0.012560
-107.400000 40.000000 0.032970
-107.400000 40.200000 0.033757
-107.400000 40.400000 0.035851
-107.400000 40.600000 0.036782
-107.400000 40.800000 0.038125
-107.400000 41.000000 0.038666
-107.400000 41.200000 0.035934
-107.400000 41.400000 0.034319
-107.400000 41.600000 0.031217
-107.400000 41.800000 0.027088
-107.400000 42.000000 0.027742
-107.400000 42.200000 0.026769
-107.400000 42.400000 0.025411
-107.400000 42.600000 0.026799
-107.400000 42.800000 0.027184
-107.400000 43.000000 0.023241
-107.400000 43.200000 0.020515
-107.400000 43.400000 0.015219
-107.400000 43.600000 0.010566
-107.400000 43.800000 0.002246
-107.400000 44.000000 0.000438
-107.400000 44.200000 0.003516
-107.400000 44.400000 0.008698
-107.400000 44.600000 0.010733
-107.400000 44.800000 0.011674
-107.400000 45.000000 0.011531
-107.200000 40.000000 0.030682
-107.200000 40.200000 0.031704
-107.200000 40.400000 0.034497
-107.200000 40.600000 0.036136
-107.200000 40.800000 0.036936
-107.200000 41.000000 0.039264
-107.200000 41.200000 0.037815
-107.200000 41.400000 0.034086
-107.200000 41.600000 0.032444
-107.200000 41.800000 0.028238
-107.200000 42.000000 0.025291
-107.200000 42.200000 0.025829
-107.200000 42.400000 0.024570
-107.200000 42.600000 0.024638
-107.200000 42.800000 0.023940
-107.200000 43.000000 0.020876
-107.200000 43.200000 0.018008
-107.200000 43.400000 0.011255
-107.200000 43.600000 0.005394
-107.200000 43.800000 0.000655
-107.200000 44.000000 0.005077
-107.200000 44.200000 0.007585
-107.200000 44.400000 0.009166
-107.200000 44.600000 0.010571
-107.200000 44.800000 0.009946
-107.200000 45.000000 0.008159
-107.000000 40.000000 0.027042
-107.000000 40.200000 0.029557
-107.000000 40.400000 0.031606
-107.000000 40.600000 0.033873
-107.000000 40.800000 0.035221
-107.000000 41.000000 0.036981
-107.000000 41.200000 0.035728
-107.000000 41.400000 0.032065
-107.000000 41.600000 0.030809
-107.000000 41.800000 0.027315
-107.000000 42.000000 0.023108
-107.000000 42.200000 0.021842
-107.000000 42.400000 0.021483
-107.000000 42.600000 0.020028
-107.000000 42.800000 0.019382
-107.000000 43.000000 0.016169
-107.000000 43.200000 0.011883
-107.000000 43.400000 0.009866
-107.000000 43.600000 0.003792
-107.000000 43.800000 0.006493
-107.000000 44.000000 0.007770
-107.000000 44.200000 0.010404
-107.000000 44.400000 0.011465
-107.000000 44.600000 0.010010
-107.000000 44.800000 0.010748
-107.000000 45.000000 0.009640
