-113.000000 40.000000 0.012920
-113.000000 40.200000 0.015941
-113.000000 40.400000 0.014672
-113.000000 40.600000 0.015915
-113.000000 40.800000 0.017904
-113.000000 41.000000 0.016057
-113.000000 41.200000 0.017059
-113.000000 41.400000 0.019390
-113.000000 41.600000 0.022013
-113.000000 41.800000 0.025177
-113.000000 42.000000 0.026378
-113.000000 42.200000 0.026932
-113.000000 42.400000 0.026146
-113.000000 42.600000 0.022889
-113.000000 42.800000 0.019618
-113.000000 43.000000 0.013605
-113.000000 43.200000 0.006705
-113.000000 43.400000 0.007156
-113.000000 43.600000 0.013915
-113.000000 43.800000 0.019178
-113.000000 44.000000 0.026622
-113.000000 44.200000 0.031257
-113.000000 44.400000 0.033704
-113.000000 44.600000 0.036103
-113.000000 44.800000 0.035384
-113.000000 45.000000 0.032528
-112.800000 40.000000 0.016176
-112.800000 40.200000 0.017866
-112.800000 40.400000 0.018063
-112.800000 40.600000 0.020321
-112.800000 40.800000 0.021026
-112.800000 41.000000 0.020614
-112.800000 41.200000 0.021650
-112.800000 41.400000 0.024182
-112.800000 41.600000 0.026068
-112.800000 41.800000 0.029224
-112.800000 42.000000 0.030358
-112.800000 42.200000 0.030913
-112.800000 42.400000 0.030364
-112.800000 42.600000 0.027097
-112.800000 42.800000 0.024721
-112.800000 43.000000 0.018850
-112.800000 43.200000 0.010444
-112.800000 43.400000 0.005380
-112.800000 43.600000 0.008814
-112.800000 43.800000 0.015325
-112.800000 44.000000 0.023327
-112.800000 44.200000 0.027457
-112.800000 44.400000 0.030397
-112.800000 44.600000 0.033735
-112.800000 44.800000 0.034734
-112.800000 45.000000 0.032773
-112.600000 40.000000 0.019932
-112.600000 40.200000 0.021202
-112.600000 40.400000 0.021477
-112.600000 40.600000 0.024314
-112.600000 40.800000 0.023811
-112.600000 41.000000 0.022569
-112.600000 41.200000 0.023206
-112.600000 41.400000 0.023285
-112.600000 41.600000 0.026237
-112.600000 41.800000 0.028966
-112.600000 42.000000 0.030880
-112.600000 42.200000 0.033167
-112.600000 42.400000 0.031906
-112.600000 42.600000 0.030070
-112.600000 42.800000 0.028499
-112.600000 43.000000 0.022973
-112.600000 43.200000 0.015797
-112.600000 43.400000 0.005170
-112.600000 43.600000 0.004183
-112.600000 43.800000 0.011242
-112.600000 44.000000 0.020072
-112.600000 44.200000 0.025783
-112.600000 44.400000 0.029607
-112.600000 44.600000 0.033821
-112.600000 44.800000 0.035060
-112.600000 45.000000 0.033792
-112.400000 40.000000 0.023207
-112.400000 40.200000 0.023916
-112.400000 40.400000 0.025453
-112.400000 40.600000 0.026476
-112.400000 40.800000 0.026350
-112.400000 41.000000 0.024806
-112.400000 41.200000 0.024683
-112.400000 41.400000 0.024923
-112.400000 41.600000 0.025608
-112.400000 41.800000 0.028938
-112.400000 42.000000 0.032374
-112.400000 42.200000 0.032892
-112.400000 42.400000 0.033528
-112.400000 42.600000 0.032709
-112.400000 42.800000 0.030528
-112.400000 43.000000 0.027217
-112.400000 43.200000 0.019668
-112.400000 43.400000 0.009419
-112.400000 43.600000 0.000708
-112.400000 43.800000 0.007811
-112.400000 44.000000 0.017894
-112.400000 44.200000 0.024224
-112.400000 44.400000 0.029243
-112.400000 44.600000 0.033301
-112.400000 44.800000 0.036058
-112.400000 45.000000 0.035356
-112.200000 40.000000 0.026996
-112.200000 40.200000 0.028264
-112.200000 40.400000 0.028811
-112.200000 40.600000 0.029701
-112.200000 40.800000 0.028541
-112.200000 41.000000 0.028236
-112.200000 41.200000 0.027200
-112.200000 41.400000 0.027036
-112.200000 41.600000 0.026960
-112.200000 41.800000 0.030655
-112.200000 42.000000 0.032847
-112.200000 42.200000 0.033985
-112.200000 42.400000 0.035089
-112.200000 42.600000 0.035187
-112.200000 42.800000 0.035313
-112.200000 43.000000 0.030492
-112.200000 43.200000 0.023700
-112.200000 43.400000 0.016311
-112.200000 43.600000 0.005721
-112.200000 43.800000 0.005268
-112.200000 44.000000 0.012358
-112.200000 44.200000 0.020225
-112.200000 44.400000 0.025829
-112.200000 44.600000 0.029663
-112.200000 44.800000 0.033299
-112.200000 45.000000 0.033028
-112.000000 40.000000 0.033002
-112.000000 40.200000 0.034365
-112.000000 40.400000 0.034576
-112.000000 40.600000 0.035320
-112.000000 40.800000 0.033576
-112.000000 41.000000 0.032045
-112.000000 41.200000 0.029861
-112.000000 41.400000 0.026319
-112.000000 41.600000 0.026037
-112.000000 41.800000 0.026153
-112.000000 42.000000 0.028609
-112.000000 42.200000 0.031705
-112.000000 42.400000 0.032961
-112.000000 42.600000 0.035015
-112.000000 42.800000 0.036953
-112.000000 43.000000 0.033376
-112.000000 43.200000 0.028641
-112.000000 43.400000 0.021938
-112.000000 43.600000 0.012147
-112.000000 43.800000 0.005670
-112.000000 44.000000 0.007420
-112.000000 44.200000 0.014457
-112.000000 44.400000 0.020475
-112.000000 44.600000 0.025054
-112.000000 44.800000 0.029611
-112.000000 45.000000 0.031162
-111.800000 40.000000 0.037176
-111.800000 40.200000 0.037449
-111.800000 40.400000 0.037482
-111.800000 40.600000 0.038033
-111.800000 40.800000 0.037347
-111.800000 41.000000 0.034924
-111.800000 41.200000 0.032352
-111.800000 41.400000 0.029059
-111.800000 41.600000 0.025502
-111.800000 41.800000 0.025042
-111.800000 42.000000 0.027600
-111.800000 42.200000 0.029560
-111.800000 42.400000 0.033051
-111.800000 42.600000 0.036635
-111.800000 42.800000 0.038188
-111.800000 43.000000 0.037651
-111.800000 43.200000 0.034474
-111.800000 43.400000 0.026407
-111.800000 43.600000 0.018951
-111.800000 43.800000 0.011111
-111.800000 44.000000 0.002782
-111.800000 44.200000 0.006647
-111.800000 44.400000 0.014345
-111.800000 44.600000 0.019155
-111.800000 44.800000 0.024756
-111.800000 45.000000 0.027385
-111.600000 40.000000 0.038875
-111.600000 40.200000 0.038404
-111.600000 40.400000 0.039119
-111.600000 40.600000 0.038751
-111.600000 40.800000 0.037908
-111.600000 41.000000 0.036366
-111.600000 41.200000 0.032665
-111.600000 41.400000 0.029778
-111.600000 41.600000 0.027439
-111.600000 41.800000 0.025689
-111.600000 42.000000 0.027578
-111.600000 42.200000 0.029992
-111.600000 42.400000 0.034506
-111.600000 42.600000 0.039179
-111.600000 42.800000 0.041487
-111.600000 43.000000 0.040939
-111.600000 43.200000 0.037619
-111.600000 43.400000 0.032110
-111.600000 43.600000 0.024356
-111.600000 43.800000 0.016541
-111.600000 44.000000 0.009240
-111.600000 44.200000 0.003903
-111.600000 44.400000 0.010351
-111.600000 44.600000 0.015112
-111.600000 44.800000 0.019882
-111.600000 45.000000 0.023428
-111.400000 40.000000 0.041109
-111.400000 40.200000 0.042741
-111.400000 40.400000 0.041448
-111.400000 40.600000 0.039225
-111.400000 40.800000 0.038402
-111.400000 41.000000 0.036612
-111.400000 41.200000 0.031484
-111.400000 41.400000 0.028254
-111.400000 41.600000 0.025904
-111.400000 41.800000 0.022932
-111.400000 42.000000 0.025760
-111.400000 42.200000 0.030388
-111.400000 42.400000 0.034872
-111.400000 42.600000 0.040351
-111.400000 42.800000 0.044361
-111.400000 43.000000 0.043081
-111.400000 43.200000 0.040860
-111.400000 43.400000 0.036343
-111.400000 43.600000 0.029094
-111.400000 43.800000 0.022583
-111.400000 44.000000 0.015149
-111.400000 44.200000 0.009117
-111.400000 44.400000 0.010828
-111.400000 44.600000 0.014018
-111.400000 44.800000 0.018896
-111.400000 45.000000 0.021590
-111.200000 40.000000 0.041150
-111.200000 40.200000 0.041792
-111.200000 40.400000 0.041614
-111.200000 40.600000 0.040801
-111.200000 40.800000 0.039242
-111.200000 41.000000 0.036174
-111.200000 41.200000 0.032601
-111.200000 41.400000 0.028488
-111.200000 41.600000 0.023844
-111.200000 41.800000 0.022948
-111.200000 42.000000 0.025088
-111.200000 42.200000 0.030084
-111.200000 42.400000 0.034752
-111.200000 42.600000 0.040558
-111.200000 42.800000 0.043841
-111.200000 43.000000 0.044624
-111.200000 43.200000 0.043342
-111.200000 43.400000 0.038927
-111.200000 43.600000 0.033019
-111.200000 43.800000 0.027044
-111.200000 44.000000 0.020451
-111.200000 44.200000 0.015056
-111.200000 44.400000 0.014622
-111.200000 44.600000 0.014945
-111.200000 44.800000 0.018155
-111.200000 45.000000 0.020771
-111.000000 40.000000 0.041597
-111.000000 40.200000 0.042667
-111.000000 40.400000 0.041497
-111.000000 40.600000 0.039265
-111.000000 40.800000 0.038260
-111.000000 41.000000 0.034965
-111.000000 41.200000 0.029445
-111.000000 41.400000 0.026230
-111.000000 41.600000 0.023484
-111.000000 41.800000 0.022136
-111.000000 42.000000 0.025424
-111.000000 42.200000 0.029613
-111.000000 42.400000 0.034728
-111.000000 42.600000 0.040500
-111.000000 42.800000 0.044694
-111.000000 43.000000 0.045477
-111.000000 43.200000 0.044052
-111.000000 43.400000 0.042876
-111.000000 43.600000 0.036302
-111.000000 43.800000 0.031048
-111.000000 44.000000 0.027027
-111.000000 44.200000 0.021259
-111.000000 44.400000 0.018195
-111.000000 44.600000 0.017705
-111.000000 44.800000 0.019660
-111.000000 45.000000 0.021380
-110.800000 40.000000 0.041738
-110.800000 40.200000 0.041875
-110.800000 40.400000 0.039583
-110.800000 40.600000 0.037140
-110.800000 40.800000 0.034237
-110.800000 41.000000 0.031543
-110.800000 41.200000 0.025370
-110.800000 41.400000 0.022886
-110.800000 41.600000 0.018337
-110.800000 41.800000 0.017298
-110.800000 42.000000 0.022874
-110.800000 42.200000 0.028851
-110.800000 42.400000 0.033640
-110.800000 42.600000 0.040061
-110.800000 42.800000 0.044449
-110.800000 43.000000 0.045182
-110.800000 43.200000 0.046216
-110.800000 43.400000 0.044608
-110.800000 43.600000 0.039957
-110.800000 43.800000 0.036067
-110.800000 44.000000 0.031013
-110.800000 44.200000 0.026010
-110.800000 44.400000 0.023623
-110.800000 44.600000 0.022194
-110.800000 44.800000 0.023352
-110.800000 45.000000 0.025144
-110.600000 40.000000 0.037746
-110.600000 40.200000 0.038119
-110.600000 40.400000 0.036096
-110.600000 40.600000 0.034604
-110.600000 40.800000 0.032241
-110.600000 41.000000 0.027311
-110.600000 41.200000 0.023212
-110.600000 41.400000 0.018230
-110.600000 41.600000 0.012693
-110.600000 41.800000 0.013683
-110.600000 42.000000 0.019693
-110.600000 42.200000 0.026190
-110.600000 42.400000 0.032602
-110.600000 42.600000 0.038428
-110.600000 42.800000 0.043046
-110.600000 43.000000 0.044787
-110.600000 43.200000 0.046823
-110.600000 43.400000 0.046237
-110.600000 43.600000 0.042590
-110.600000 43.800000 0.039676
-110.600000 44.000000 0.034884
-110.600000 44.200000 0.031305
-110.600000 44.400000 0.028567
-110.600000 44.600000 0.026536
-110.600000 44.800000 0.028481
-110.600000 45.000000 0.028208
-110.400000 40.000000 0.033155
-110.400000 40.200000 0.033270
-110.400000 40.400000 0.030436
-110.400000 40.600000 0.029264
-110.400000 40.800000 0.026741
-110.400000 41.000000 0.022730
-110.400000 41.200000 0.017522
-110.400000 41.400000 0.011660
-110.400000 41.600000 0.007669
-110.400000 41.800000 0.011412
-110.400000 42.000000 0.018125
-110.400000 42.200000 0.024267
-110.400000 42.400000 0.032088
-110.400000 42.600000 0.037150
-110.400000 42.800000 0.041629
-110.400000 43.000000 0.044847
-110.400000 43.200000 0.046046
-110.400000 43.400000 0.047706
-110.400000 43.600000 0.045189
-110.400000 43.800000 0.041513
-110.400000 44.000000 0.038737
-110.400000 44.200000 0.036315
-110.400000 44.400000 0.033132
-110.400000 44.600000 0.032648
-110.400000 44.800000 0.034524
-110.400000 45.000000 0.033519
-110.200000 40.000000 0.028711
-110.200000 40.200000 0.027975
-110.200000 40.400000 0.026311
-110.200000 40.600000 0.024560
-110.200000 40.800000 0.021732
-110.200000 41.000000 0.018878
-110.200000 41.200000 0.012277
-110.200000 41.400000 0.008108
-110.200000 41.600000 0.004447
-110.200000 41.800000 0.010946
-110.200000 42.000000 0.018482
-110.200000 42.200000 0.025468
-110.200000 42.400000 0.031608
-110.200000 42.600000 0.037785
-110.200000 42.800000 0.041153
-110.200000 43.000000 0.043282
-110.200000 43.200000 0.046584
-110.200000 43.400000 0.046924
-110.200000 43.600000 0.046275
-110.200000 43.800000 0.045539
-110.200000 44.000000 0.041420
-110.200000 44.200000 0.038882
-110.200000 44.400000 0.038029
-110.200000 44.600000 0.036966
-110.200000 44.800000 0.035456
-110.200000 45.000000 0.036562
-110.000000 40.000000 0.025700
-110.000000 40.200000 0.024868
-110.000000 40.400000 0.023535
-110.000000 40.600000 0.022468
-110.000000 40.800000 0.019824
-110.000000 41.000000 0.015563
-110.000000 41.200000 0.010559
-110.000000 41.400000 0.005047
-110.000000 41.600000 0.003221
-110.000000 41.800000 0.010441
-110.000000 42.000000 0.019533
-110.000000 42.200000 0.025429
-110.000000 42.400000 0.031761
-110.000000 42.600000 0.037933
-110.000000 42.800000 0.041424
-110.000000 43.000000 0.043345
-110.000000 43.200000 0.045713
-110.000000 43.400000 0.047877
-110.000000 43.600000 0.047007
-110.000000 43.800000 0.046013
-110.000000 44.000000 0.041646
-110.000000 44.200000 0.040736
-110.000000 44.400000 0.039872
-110.000000 44.600000 0.036351
-110.000000 44.800000 0.039261
-110.000000 45.000000 0.039121
-109.800000 40.000000 0.021003
-109.800000 40.200000 0.022262
-109.800000 40.400000 0.021341
-109.800000 40.600000 0.020153
-109.800000 40.800000 0.017794
-109.800000 41.000000 0.013834
-109.800000 41.200000 0.008125
-109.800000 41.400000 0.003163
-109.800000 41.600000 0.005027
-109.800000 41.800000 0.011322
-109.800000 42.000000 0.018889
-109.800000 42.200000 0.025849
-109.800000 42.400000 0.031769
-109.800000 42.600000 0.037142
-109.800000 42.800000 0.041982
-109.800000 43.000000 0.044690
-109.800000 43.200000 0.046885
-109.800000 43.400000 0.049605
-109.800000 43.600000 0.048632
-109.800000 43.800000 0.044901
-109.800000 44.000000 0.043161
-109.800000 44.200000 0.040938
-109.800000 44.400000 0.038102
-109.800000 44.600000 0.038370
-109.800000 44.800000 0.039843
-109.800000 45.000000 0.038292
-109.600000 40.000000 0.022340
-109.600000 40.200000 0.022212
-109.600000 40.400000 0.021993
-109.600000 40.600000 0.021167
-109.600000 40.800000 0.018021
-109.600000 41.000000 0.014183
-109.600000 41.200000 0.010376
-109.600000 41.400000 0.007362
-109.600000 41.600000 0.008904
-109.600000 41.800000 0.012114
-109.600000 42.000000 0.018169
-109.600000 42.200000 0.025219
-109.600000 42.400000 0.031231
-109.600000 42.600000 0.037421
-109.600000 42.800000 0.040498
-109.600000 43.000000 0.042721
-109.600000 43.200000 0.047471
-109.600000 43.400000 0.048713
-109.600000 43.600000 0.047645
-109.600000 43.800000 0.047451
-109.600000 44.000000 0.043211
-109.600000 44.200000 0.038622
-109.600000 44.400000 0.038312
-109.600000 44.600000 0.037087
-109.600000 44.800000 0.035653
-109.600000 45.000000 0.036289
-109.400000 40.000000 0.025226
-109.400000 40.200000 0.025956
-109.400000 40.400000 0.026414
-109.400000 40.600000 0.025663
-109.400000 40.800000 0.022243
-109.400000 41.000000 0.020276
-109.400000 41.200000 0.017369
-109.400000 41.400000 0.013392
-109.400000 41.600000 0.012724
-109.400000 41.800000 0.013067
-109.400000 42.000000 0.018457
-109.400000 42.200000 0.025462
-109.400000 42.400000 0.030472
-109.400000 42.600000 0.036748
-109.400000 42.800000 0.040760
-109.400000 43.000000 0.042238
-109.400000 43.200000 0.044805
-109.400000 43.400000 0.048721
-109.400000 43.600000 0.048914
-109.400000 43.800000 0.046913
-109.400000 44.000000 0.041642
-109.400000 44.200000 0.038714
-109.400000 44.400000 0.036698
-109.400000 44.600000 0.034179
-109.400000 44.800000 0.035613
-109.400000 45.000000 0.035366
-109.200000 40.000000 0.028586
-109.200000 40.200000 0.029314
-109.200000 40.400000 0.031090
-109.200000 40.600000 0.030976
-109.200000 40.800000 0.028888
-109.200000 41.000000 0.027087
-109.200000 41.200000 0.023752
-109.200000 41.400000 0.019217
-109.200000 41.600000 0.017105
-109.200000 41.800000 0.016660
-109.200000 42.000000 0.018948
-109.200000 42.200000 0.024917
-109.200000 42.400000 0.030795
-109.200000 42.600000 0.034298
-109.200000 42.800000 0.038906
-109.200000 43.000000 0.042243
-109.200000 43.200000 0.044307
-109.200000 43.400000 0.046590
-109.200000 43.600000 0.048314
-109.200000 43.800000 0.045254
-109.200000 44.000000 0.040787
-109.200000 44.200000 0.037171
-109.200000 44.400000 0.033564
-109.200000 44.600000 0.032787
-109.200000 44.800000 0.033531
-109.200000 45.000000 0.031888
-109.000000 40.000000 0.031309
-109.000000 40.200000 0.032964
-109.000000 40.400000 0.033035
-109.000000 40.600000 0.034032
-109.000000 40.800000 0.033436
-109.000000 41.000000 0.029517
-109.000000 41.200000 0.026527
-109.000000 41.400000 0.023071
-109.000000 41.600000 0.019131
-109.000000 41.800000 0.016883
-109.000000 42.000000 0.018033
-109.000000 42.200000 0.023135
-109.000000 42.400000 0.027711
-109.000000 42.600000 0.031616
-109.000000 42.800000 0.036194
-109.000000 43.000000 0.039919
-109.000000 43.200000 0.042497
-109.000000 43.400000 0.045980
-109.000000 43.600000 0.046494
-109.000000 43.800000 0.043866
-109.000000 44.000000 0.038032
-109.000000 44.200000 0.031184
-109.000000 44.400000 0.030424
-109.000000 44.600000 0.028052
-109.000000 44.800000 0.024674
-109.000000 45.000000 0.024843
-108.800000 40.000000 0.035156
-108.800000 40.200000 0.034805
-108.800000 40.400000 0.035905
-108.800000 40.600000 0.036821
-108.800000 40.800000 0.034126
-108.800000 41.000000 0.032728
-108.800000 41.200000 0.028655
-108.800000 41.400000 0.023679
-108.800000 41.600000 0.018633
-108.800000 41.800000 0.015422
-108.800000 42.000000 0.015837
-108.800000 42.200000 0.019764
-108.800000 42.400000 0.024745
-108.800000 42.600000 0.028782
-108.800000 42.800000 0.032945
-108.800000 43.000000 0.036175
-108.800000 43.200000 0.038913
-108.800000 43.400000 0.043767
-108.800000 43.600000 0.044706
-108.800000 43.800000 0.041278
-108.800000 44.000000 0.034107
-108.800000 44.200000 0.030367
-108.800000 44.400000 0.027420
-108.800000 44.600000 0.024995
-108.800000 44.800000 0.023803
-108.800000 45.000000 0.022673
-108.600000 40.000000 0.036889
-108.600000 40.200000 0.035701
-108.600000 40.400000 0.039707
-108.600000 40.600000 0.039350
-108.600000 40.800000 0.036059
-108.600000 41.000000 0.035258
-108.600000 41.200000 0.029811
-108.600000 41.400000 0.023617
-108.600000 41.600000 0.018849
-108.600000 41.800000 0.014491
-108.600000 42.000000 0.014025
-108.600000 42.200000 0.016603
-108.600000 42.400000 0.021747
-108.600000 42.600000 0.025178
-108.600000 42.800000 0.028520
-108.600000 43.000000 0.032811
-108.600000 43.200000 0.035417
-108.600000 43.400000 0.037988
-108.600000 43.600000 0.040787
-108.600000 43.800000 0.038007
-108.600000 44.000000 0.031929
-108.600000 44.200000 0.028356
-108.600000 44.400000 0.026142
-108.600000 44.600000 0.023626
-108.600000 44.800000 0.022016
-108.600000 45.000000 0.021917
-108.400000 40.000000 0.039833
-108.400000 40.200000 0.041281
-108.400000 40.400000 0.042712
-108.400000 40.600000 0.043136
-108.400000 40.800000 0.041376
-108.400000 41.000000 0.037918
-108.400000 41.200000 0.032872
-108.400000 41.400000 0.028284
-108.400000 41.600000 0.021609
-108.400000 41.800000 0.016317
-108.400000 42.000000 0.014286
-108.400000 42.200000 0.014949
-108.400000 42.400000 0.017976
-108.400000 42.600000 0.022005
-108.400000 42.800000 0.025361
-108.400000 43.000000 0.028929
-108.400000 43.200000 0.031534
-108.400000 43.400000 0.035395
-108.400000 43.600000 0.036036
-108.400000 43.800000 0.032226
-108.400000 44.000000 0.027563
-108.400000 44.200000 0.023805
-108.400000 44.400000 0.021998
-108.400000 44.600000 0.020970
-108.400000 44.800000 0.018407
-108.400000 45.000000 0.018150
-108.200000 40.000000 0.043668
-108.200000 40.200000 0.043782
-108.200000 40.400000 0.046277
-108.200000 40.600000 0.046854
-108.200000 40.800000 0.045277
-108.200000 41.000000 0.043001
-108.200000 41.200000 0.038337
-108.200000 41.400000 0.033473
-108.200000 41.600000 0.027021
-108.200000 41.800000 0.022268
-108.200000 42.000000 0.018666
-108.200000 42.200000 0.017125
-108.200000 42.400000 0.019510
-108.200000 42.600000 0.021613
-108.200000 42.800000 0.023384
-108.200000 43.000000 0.026282
-108.200000 43.200000 0.028949
-108.200000 43.400000 0.032076
-108.200000 43.600000 0.033265
-108.200000 43.800000 0.030389
-108.200000 44.000000 0.024889
-108.200000 44.200000 0.020582
-108.200000 44.400000 0.018296
-108.200000 44.600000 0.018373
-108.200000 44.800000 0.015138
-108.200000 45.000000 0.014088
-108.000000 40.000000 0.044855
-108.000000 40.200000 0.044758
-108.000000 40.400000 0.048869
-108.000000 40.600000 0.049750
-108.000000 40.800000 0.047229
-108.000000 41.000000 0.047389
-108.000000 41.200000 0.043531
-108.000000 41.400000 0.038121
-108.000000 41.600000 0.034020
-108.000000 41.800000 0.029429
-108.000000 42.000000 0.025816
-108.000000 42.200000 0.025490
-108.000000 42.400000 0.024967
-108.000000 42.600000 0.024870
-108.000000 42.800000 0.023033
-108.000000 43.000000 0.025827
-108.000000 43.200000 0.027444
-108.000000 43.400000 0.028830
-108.000000 43.600000 0.030654
-108.000000 43.800000 0.028754
-108.000000 44.000000 0.023153
-108.000000 44.200000 0.018820
-108.000000 44.400000 0.017003
-108.000000 44.600000 0.014810
-108.000000 44.800000 0.012859
-108.000000 45.000000 0.012590
-107.800000 40.000000 0.046619
-107.800000 40.200000 0.048500
-107.800000 40.400000 0.050629
-107.800000 40.600000 0.052020
-107.800000 40.800000 0.051981
-107.800000 41.000000 0.050708
-107.800000 41.200000 0.047877
-107.800000 41.400000 0.044986
-107.800000 41.600000 0.039530
-107.800000 41.800000 0.035532
-107.800000 42.000000 0.032752
-107.800000 42.200000 0.031232
-107.800000 42.400000 0.030934
-107.800000 42.600000 0.028725
-107.800000 42.800000 0.027564
-107.800000 43.000000 0.027982
-107.800000 43.200000 0.027890
-107.800000 43.400000 0.029059
-107.800000 43.600000 0.027546
-107.800000 43.800000 0.024844
-107.800000 44.000000 0.019213
-107.800000 44.200000 0.015521
-107.800000 44.400000 0.014031
-107.800000 44.600000 0.013580
-107.800000 44.800000 0.011195
-107.800000 45.000000 0.009881
-107.600000 40.000000 0.046839
-107.600000 40.200000 0.048844
-107.600000 40.400000 0.052090
-107.600000 40.600000 0.054001
-107.600000 40.800000 0.054363
-107.600000 41.000000 0.054333
-107.600000 41.200000 0.051665
-107.600000 41.400000 0.048059
-107.600000 41.600000 0.044068
-107.600000 41.800000 0.040035
-107.600000 42.000000 0.036853
-107.600000 42.200000 0.035990
-107.600000 42.400000 0.033475
-107.600000 42.600000 0.031022
-107.600000 42.800000 0.029834
-107.600000 43.000000 0.028237
-107.600000 43.200000 0.028452
-107.600000 43.400000 0.028998
-107.600000 43.600000 0.026656
-107.600000 43.800000 0.024001
-107.600000 44.000000 0.018016
-107.600000 44.200000 0.012102
-107.600000 44.400000 0.011924
-107.600000 44.600000 0.010900
-107.600000 44.800000 0.008251
-107.600000 45.000000 0.007150
-107.400000 40.000000 0.045066
-107.400000 40.200000 0.044865
-107.400000 40.400000 0.050454
-107.400000 40.600000 0.052374
-107.400000 40.800000 0.053200
-107.400000 41.000000 0.054460
-107.400000 41.200000 0.051449
-107.400000 41.400000 0.048133
-107.400000 41.600000 0.046470
-107.400000 41.800000 0.042321
-107.400000 42.000000 0.039945
-107.400000 42.200000 0.040598
-107.400000 42.400000 0.035222
-107.400000 42.600000 0.033051
-107.400000 42.800000 0.031372
-107.400000 43.000000 0.028691
-107.400000 43.200000 0.027415
-107.400000 43.400000 0.027902
-107.400000 43.600000 0.026213
-107.400000 43.800000 0.020970
-107.400000 44.000000 0.015257
-107.400000 44.200000 0.010567
-107.400000 44.400000 0.008394
-107.400000 44.600000 0.008627
-107.400000 44.800000 0.007620
-107.400000 45.000000 0.007590
-107.200000 40.000000 0.040230
-107.200000 40.200000 0.041734
-107.200000 40.400000 0.045403
-107.200000 40.600000 0.047158
-107.200000 40.800000 0.049137
-107.200000 41.000000 0.050243
-107.200000 41.200000 0.047595
-107.200000 41.400000 0.046090
-107.200000 41.600000 0.043587
-107.200000 41.800000 0.039537
-107.200000 42.000000 0.037873
-107.200000 42.200000 0.038432
-107.200000 42.400000 0.034760
-107.200000 42.600000 0.032466
-107.200000 42.800000 0.032994
-107.200000 43.000000 0.030099
-107.200000 43.200000 0.026447
-107.200000 43.400000 0.027907
-107.200000 43.600000 0.024334
-107.200000 43.800000 0.019938
-107.200000 44.000000 0.013520
-107.200000 44.200000 0.007757
-107.200000 44.400000 0.006907
-107.200000 44.600000 0.008808
-107.200000 44.800000 0.008516
-107.200000 45.000000 0.005971
-107.000000 40.000000 0.032392
-107.000000 40.200000 0.035009
-107.000000 40.400000 0.038885
-107.000000 40.600000 0.041198
-107.000000 40.800000 0.043284
-107.000000 41.000000 0.046621
-107.000000 41.200000 0.046056
-107.000000 41.400000 0.044045
-107.000000 41.600000 0.042966
-107.000000 41.800000 0.040241
-107.000000 42.000000 0.038107
-107.000000 42.200000 0.037137
-107.000000 42.400000 0.033709
-107.000000 42.600000 0.031930
-107.000000 42.800000 0.030468
-107.000000 43.000000 0.028345
-107.000000 43.200000 0.024553
-107.000000 43.400000 0.024083
-107.000000 43.600000 0.020837
-107.000000 43.800000 0.017145
-107.000000 44.000000 0.011150
-107.000000 44.200000 0.005133
-107.000000 44.400000 0.004430
-107.000000 44.600000 0.007416
-107.000000 44.800000 0.006319
-107.000000 45.000000 0.004078
