-113.000000 40.000000 0.011407
-113.000000 40.200000 0.012540
-113.000000 40.400000 0.011227
-113.000000 40.600000 0.013730
-113.000000 40.800000 0.016462
-113.000000 41.000000 0.015376
-113.000000 41.200000 0.017477
-113.000000 41.400000 0.021050
-113.000000 41.600000 0.022276
-113.000000 41.800000 0.023657
-113.000000 42.000000 0.023800
-113.000000 42.200000 0.022998
-113.000000 42.400000 0.021739
-113.000000 42.600000 0.019292
-113.000000 42.800000 0.016807
-113.000000 43.000000 0.013002
-113.000000 43.200000 0.006707
-113.000000 43.400000 0.001904
-113.000000 43.600000 0.007627
-113.000000 43.800000 0.014455
-113.000000 44.000000 0.020815
-113.000000 44.200000 0.025216
-113.000000 44.400000 0.029329
-113.000000 44.600000 0.032325
-113.000000 44.800000 0.033847
-113.000000 45.000000 0.033487
-112.800000 40.000000 0.013389
-112.800000 40.200000 0.013728
-112.800000 40.400000 0.013715
-112.800000 40.600000 0.017262
-112.800000 40.800000 0.018761
-112.800000 41.000000 0.019431
-112.800000 41.200000 0.022373
-112.800000 41.400000 0.025282
-112.800000 41.600000 0.026533
-112.800000 41.800000 0.028082
-112.800000 42.000000 0.029312
-112.800000 42.200000 0.029337
-112.800000 42.400000 0.027404
-112.800000 42.600000 0.024421
-112.800000 42.800000 0.022105
-112.800000 43.000000 0.016795
-112.800000 43.200000 0.009706
-112.800000 43.400000 0.004059
-112.800000 43.600000 0.003878
-112.800000 43.800000 0.011186
-112.800000 44.000000 0.017398
-112.800000 44.200000 0.022350
-112.800000 44.400000 0.027051
-112.800000 44.600000 0.030952
-112.800000 44.800000 0.031731
-112.800000 45.000000 0.032317
-112.600000 40.000000 0.014843
-112.600000 40.200000 0.014668
-112.600000 40.400000 0.017285
-112.600000 40.600000 0.019120
-112.600000 40.800000 0.021506
-112.600000 41.000000 0.021936
-112.600000 41.200000 0.022419
-112.600000 41.400000 0.026484
-112.600000 41.600000 0.028675
-112.600000 41.800000 0.029743
-112.600000 42.000000 0.032374
-112.600000 42.200000 0.033971
-112.600000 42.400000 0.031797
-112.600000 42.600000 0.029762
-112.600000 42.800000 0.028656
-112.600000 43.000000 0.023554
-112.600000 43.200000 0.016895
-112.600000 43.400000 0.009510
-112.600000 43.600000 0.001405
-112.600000 43.800000 0.006948
-112.600000 44.000000 0.013761
-112.600000 44.200000 0.021131
-112.600000 44.400000 0.025184
-112.600000 44.600000 0.029268
-112.600000 44.800000 0.031623
-112.600000 45.000000 0.031365
-112.400000 40.000000 0.017483
-112.400000 40.200000 0.020689
-112.400000 40.400000 0.020299
-112.400000 40.600000 0.022423
-112.400000 40.800000 0.026435
-112.400000 41.000000 0.023808
-112.400000 41.200000 0.023716
-112.400000 41.400000 0.025881
-112.400000 41.600000 0.027741
-112.400000 41.800000 0.030344
-112.400000 42.000000 0.032705
-112.400000 42.200000 0.034330
-112.400000 42.400000 0.034493
-112.400000 42.600000 0.032791
-112.400000 42.800000 0.031870
-112.400000 43.000000 0.028188
-112.400000 43.200000 0.022732
-112.400000 43.400000 0.015858
-112.400000 43.600000 0.007917
-112.400000 43.800000 0.004715
-112.400000 44.000000 0.010980
-112.400000 44.200000 0.016802
-112.400000 44.400000 0.023486
-112.400000 44.600000 0.026924
-112.400000 44.800000 0.030133
-112.400000 45.000000 0.031561
-112.200000 40.000000 0.021434
-112.200000 40.200000 0.022859
-112.200000 40.400000 0.022864
-112.200000 40.600000 0.024805
-112.200000 40.800000 0.025715
-112.200000 41.000000 0.024449
-112.200000 41.200000 0.025076
-112.200000 41.400000 0.026198
-112.200000 41.600000 0.026555
-112.200000 41.800000 0.029800
-112.200000 42.000000 0.033115
-112.200000 42.200000 0.034976
-112.200000 42.400000 0.036400
-112.200000 42.600000 0.036635
-112.200000 42.800000 0.034142
-112.200000 43.000000 0.031510
-112.200000 43.200000 0.027544
-112.200000 43.400000 0.021728
-112.200000 43.600000 0.012805
-112.200000 43.800000 0.005605
-112.200000 44.000000 0.005927
-112.200000 44.200000 0.012754
-112.200000 44.400000 0.019003
-112.200000 44.600000 0.023810
-112.200000 44.800000 0.026842
-112.200000 45.000000 0.028074
-112.000000 40.000000 0.026194
-112.000000 40.200000 0.025568
-112.000000 40.400000 0.026445
-112.000000 40.600000 0.025973
-112.000000 40.800000 0.027265
-112.000000 41.000000 0.024203
-112.000000 41.200000 0.023007
-112.000000 41.400000 0.024324
-112.000000 41.600000 0.024148
-112.000000 41.800000 0.025972
-112.000000 42.000000 0.030048
-112.000000 42.200000 0.033648
-112.000000 42.400000 0.035076
-112.000000 42.600000 0.036210
-112.000000 42.800000 0.037642
-112.000000 43.000000 0.035221
-112.000000 43.200000 0.031925
-112.000000 43.400000 0.027922
-112.000000 43.600000 0.020335
-112.000000 43.800000 0.012477
-112.000000 44.000000 0.005333
-112.000000 44.200000 0.006046
-112.000000 44.400000 0.012385
-112.000000 44.600000 0.017778
-112.000000 44.800000 0.022551
-112.000000 45.000000 0.023841
-111.800000 40.000000 0.027626
-111.800000 40.200000 0.030350
-111.800000 40.400000 0.029049
-111.800000 40.600000 0.027304
-111.800000 40.800000 0.028071
-111.800000 41.000000 0.024893
-111.800000 41.200000 0.022154
-111.800000 41.400000 0.022751
-111.800000 41.600000 0.023019
-111.800000 41.800000 0.023438
-111.800000 42.000000 0.026117
-111.800000 42.200000 0.030692
-111.800000 42.400000 0.033388
-111.800000 42.600000 0.034753
-111.800000 42.800000 0.037486
-111.800000 43.000000 0.037265
-111.800000 43.200000 0.035608
-111.800000 43.400000 0.032903
-111.800000 43.600000 0.027485
-111.800000 43.800000 0.019251
-111.800000 44.000000 0.011079
-111.800000 44.200000 0.004078
-111.800000 44.400000 0.006389
-111.800000 44.600000 0.012062
-111.800000 44.800000 0.018699
-111.800000 45.000000 0.022751
-111.600000 40.000000 0.028667
-111.600000 40.200000 0.030843
-111.600000 40.400000 0.028399
-111.600000 40.600000 0.027065
-111.600000 40.800000 0.026517
-111.600000 41.000000 0.023091
-111.600000 41.200000 0.022164
-111.600000 41.400000 0.022276
-111.600000 41.600000 0.020723
-111.600000 41.800000 0.022979
-111.600000 42.000000 0.025169
-111.600000 42.200000 0.028587
-111.600000 42.400000 0.033445
-111.600000 42.600000 0.036200
-111.600000 42.800000 0.036750
-111.600000 43.000000 0.038937
-111.600000 43.200000 0.039115
-111.600000 43.400000 0.037287
-111.600000 43.600000 0.032812
-111.600000 43.800000 0.026764
-111.600000 44.000000 0.017981
-111.600000 44.200000 0.009002
-111.600000 44.400000 0.005400
-111.600000 44.600000 0.012464
-111.600000 44.800000 0.016009
-111.600000 45.000000 0.020207
-111.400000 40.000000 0.029774
-111.400000 40.200000 0.030117
-111.400000 40.400000 0.027949
-111.400000 40.600000 0.026434
-111.400000 40.800000 0.024677
-111.400000 41.000000 0.021812
-111.400000 41.200000 0.021683
-111.400000 41.400000 0.020450
-111.400000 41.600000 0.021092
-111.400000 41.800000 0.023037
-111.400000 42.000000 0.025569
-111.400000 42.200000 0.029640
-111.400000 42.400000 0.033573
-111.400000 42.600000 0.036928
-111.400000 42.800000 0.039803
-111.400000 43.000000 0.041481
-111.400000 43.200000 0.042110
-111.400000 43.400000 0.041013
-111.400000 43.600000 0.038547
-111.400000 43.800000 0.032741
-111.400000 44.000000 0.024514
-111.400000 44.200000 0.016032
-111.400000 44.400000 0.011299
-111.400000 44.600000 0.013445
-111.400000 44.800000 0.015444
-111.400000 45.000000 0.018096
-111.200000 40.000000 0.029873
-111.200000 40.200000 0.031811
-111.200000 40.400000 0.029927
-111.200000 40.600000 0.028010
-111.200000 40.800000 0.027629
-111.200000 41.000000 0.025045
-111.200000 41.200000 0.022584
-111.200000 41.400000 0.022860
-111.200000 41.600000 0.022630
-111.200000 41.800000 0.024033
-111.200000 42.000000 0.026945
-111.200000 42.200000 0.030688
-111.200000 42.400000 0.033772
-111.200000 42.600000 0.037035
-111.200000 42.800000 0.041694
-111.200000 43.000000 0.043477
-111.200000 43.200000 0.044462
-111.200000 43.400000 0.044557
-111.200000 43.600000 0.041469
-111.200000 43.800000 0.036645
-111.200000 44.000000 0.029633
-111.200000 44.200000 0.021513
-111.200000 44.400000 0.015195
-111.200000 44.600000 0.015687
-111.200000 44.800000 0.016974
-111.200000 45.000000 0.018583
-111.000000 40.000000 0.031457
-111.000000 40.200000 0.033352
-111.000000 40.400000 0.030587
-111.000000 40.600000 0.028638
-111.000000 40.800000 0.028817
-111.000000 41.000000 0.024260
-111.000000 41.200000 0.023913
-111.000000 41.400000 0.023997
-111.000000 41.600000 0.021562
-111.000000 41.800000 0.025379
-111.000000 42.000000 0.027920
-111.000000 42.200000 0.029817
-111.000000 42.400000 0.034517
-111.000000 42.600000 0.037665
-111.000000 42.800000 0.041755
-111.000000 43.000000 0.045148
-111.000000 43.200000 0.047153
-111.000000 43.400000 0.047541
-111.000000 43.600000 0.043811
-111.000000 43.800000 0.039528
-111.000000 44.000000 0.034052
-111.000000 44.200000 0.024522
-111.000000 44.400000 0.018432
-111.000000 44.600000 0.017884
-111.000000 44.800000 0.018231
-111.000000 45.000000 0.019661
-110.800000 40.000000 0.033336
-110.800000 40.200000 0.033993
-110.800000 40.400000 0.030943
-110.800000 40.600000 0.027991
-110.800000 40.800000 0.026616
-110.800000 41.000000 0.023127
-110.800000 41.200000 0.023195
-110.800000 41.400000 0.022647
-110.800000 41.600000 0.021552
-110.800000 41.800000 0.024693
-110.800000 42.000000 0.027938
-110.800000 42.200000 0.029054
-110.800000 42.400000 0.032644
-110.800000 42.600000 0.038554
-110.800000 42.800000 0.042156
-110.800000 43.000000 0.042986
-110.800000 43.200000 0.047094
-110.800000 43.400000 0.048424
-110.800000 43.600000 0.042466
-110.800000 43.800000 0.039788
-110.800000 44.000000 0.036383
-110.800000 44.200000 0.025971
-110.800000 44.400000 0.021217
-110.800000 44.600000 0.020559
-110.800000 44.800000 0.019307
-110.800000 45.000000 0.019319
-110.600000 40.000000 0.034193
-110.600000 40.200000 0.034759
-110.600000 40.400000 0.031917
-110.600000 40.600000 0.029161
-110.600000 40.800000 0.027353
-110.600000 41.000000 0.024234
-110.600000 41.200000 0.022061
-110.600000 41.400000 0.021996
-110.600000 41.600000 0.021225
-110.600000 41.800000 0.022297
-110.600000 42.000000 0.025021
-110.600000 42.200000 0.028523
-110.600000 42.400000 0.031668
-110.600000 42.600000 0.034412
-110.600000 42.800000 0.039266
-110.600000 43.000000 0.040243
-110.600000 43.200000 0.044029
-110.600000 43.400000 0.045962
-110.600000 43.600000 0.042536
-110.600000 43.800000 0.039775
-110.600000 44.000000 0.036338
-110.600000 44.200000 0.029905
-110.600000 44.400000 0.024947
-110.600000 44.600000 0.022687
-110.600000 44.800000 0.022449
-110.600000 45.000000 0.020631
-110.400000 40.000000 0.034038
-110.400000 40.200000 0.033845
-110.400000 40.400000 0.030961
-110.400000 40.600000 0.028933
-110.400000 40.800000 0.027051
-110.400000 41.000000 0.024228
-110.400000 41.200000 0.023597
-110.400000 41.400000 0.022725
-110.400000 41.600000 0.018912
-110.400000 41.800000 0.020669
-110.400000 42.000000 0.022616
-110.400000 42.200000 0.024378
-110.400000 42.400000 0.028089
-110.400000 42.600000 0.030675
-110.400000 42.800000 0.034909
-110.400000 43.000000 0.038386
-110.400000 43.200000 0.039636
-110.400000 43.400000 0.043585
-110.400000 43.600000 0.042204
-110.400000 43.800000 0.039906
-110.400000 44.000000 0.037194
-110.400000 44.200000 0.032116
-110.400000 44.400000 0.026534
-110.400000 44.600000 0.025203
-110.400000 44.800000 0.023950
-110.400000 45.000000 0.022562
-110.200000 40.000000 0.034808
-110.200000 40.200000 0.032437
-110.200000 40.400000 0.030151
-110.200000 40.600000 0.026959
-110.200000 40.800000 0.024725
-110.200000 41.000000 0.022360
-110.200000 41.200000 0.021290
-110.200000 41.400000 0.020263
-110.200000 41.600000 0.017457
-110.200000 41.800000 0.018588
-110.200000 42.000000 0.020679
-110.200000 42.200000 0.021735
-110.200000 42.400000 0.024972
-110.200000 42.600000 0.028399
-110.200000 42.800000 0.030787
-110.200000 43.000000 0.030325
-110.200000 43.200000 0.034986
-110.200000 43.400000 0.039325
-110.200000 43.600000 0.036175
-110.200000 43.800000 0.035738
-110.200000 44.000000 0.036263
-110.200000 44.200000 0.028990
-110.200000 44.400000 0.026218
-110.200000 44.600000 0.028739
-110.200000 44.800000 0.024216
-110.200000 45.000000 0.022474
-110.000000 40.000000 0.031160
-110.000000 40.200000 0.029298
-110.000000 40.400000 0.028245
-110.000000 40.600000 0.025465
-110.000000 40.800000 0.024111
-110.000000 41.000000 0.022474
-110.000000 41.200000 0.020672
-110.000000 41.400000 0.020138
-110.000000 41.600000 0.017860
-110.000000 41.800000 0.017713
-110.000000 42.000000 0.020136
-110.000000 42.200000 0.021806
-110.000000 42.400000 0.024191
-110.000000 42.600000 0.025984
-110.000000 42.800000 0.027480
-110.000000 43.000000 0.027614
-110.000000 43.200000 0.031042
-110.000000 43.400000 0.035280
-110.000000 43.600000 0.034661
-110.000000 43.800000 0.034734
-110.000000 44.000000 0.035449
-110.000000 44.200000 0.032176
-110.000000 44.400000 0.030782
-110.000000 44.600000 0.030309
-110.000000 44.800000 0.027712
-110.000000 45.000000 0.025384
-109.800000 40.000000 0.028249
-109.800000 40.200000 0.025614
-109.800000 40.400000 0.025036
-109.800000 40.600000 0.023212
-109.800000 40.800000 0.021117
-109.800000 41.000000 0.020616
-109.800000 41.200000 0.020453
-109.800000 41.400000 0.019833
-109.800000 41.600000 0.017140
-109.800000 41.800000 0.018379
-109.800000 42.000000 0.020062
-109.800000 42.200000 0.021425
-109.800000 42.400000 0.023019
-109.800000 42.600000 0.024030
-109.800000 42.800000 0.025851
-109.800000 43.000000 0.027413
-109.800000 43.200000 0.027805
-109.800000 43.400000 0.032875
-109.800000 43.600000 0.033021
-109.800000 43.800000 0.032829
-109.800000 44.000000 0.033368
-109.800000 44.200000 0.032290
-109.800000 44.400000 0.028672
-109.800000 44.600000 0.030242
-109.800000 44.800000 0.027508
-109.800000 45.000000 0.025108
-109.600000 40.000000 0.025867
-109.600000 40.200000 0.022452
-109.600000 40.400000 0.022176
-109.600000 40.600000 0.018896
-109.600000 40.800000 0.017725
-109.600000 41.000000 0.016710
-109.600000 41.200000 0.014995
-109.600000 41.400000 0.015290
-109.600000 41.600000 0.013736
-109.600000 41.800000 0.014249
-109.600000 42.000000 0.016747
-109.600000 42.200000 0.017784
-109.600000 42.400000 0.020147
-109.600000 42.600000 0.022168
-109.600000 42.800000 0.024405
-109.600000 43.000000 0.022212
-109.600000 43.200000 0.027017
-109.600000 43.400000 0.030778
-109.600000 43.600000 0.025990
-109.600000 43.800000 0.028448
-109.600000 44.000000 0.030089
-109.600000 44.200000 0.024405
-109.600000 44.400000 0.025191
-109.600000 44.600000 0.027737
-109.600000 44.800000 0.023214
-109.600000 45.000000 0.023368
-109.400000 40.000000 0.021108
-109.400000 40.200000 0.021511
-109.400000 40.400000 0.018509
-109.400000 40.600000 0.016461
-109.400000 40.800000 0.014709
-109.400000 41.000000 0.012212
-109.400000 41.200000 0.010424
-109.400000 41.400000 0.011997
-109.400000 41.600000 0.011165
-109.400000 41.800000 0.009973
-109.400000 42.000000 0.012341
-109.400000 42.200000 0.013714
-109.400000 42.400000 0.017770
-109.400000 42.600000 0.019846
-109.400000 42.800000 0.021956
-109.400000 43.000000 0.023189
-109.400000 43.200000 0.024980
-109.400000 43.400000 0.028525
-109.400000 43.600000 0.026976
-109.400000 43.800000 0.027206
-109.400000 44.000000 0.026937
-109.400000 44.200000 0.023935
-109.400000 44.400000 0.023321
-109.400000 44.600000 0.023719
-109.400000 44.800000 0.022023
-109.400000 45.000000 0.021277
-109.200000 40.000000 0.020672
-109.200000 40.200000 0.017512
-109.200000 40.400000 0.015855
-109.200000 40.600000 0.013511
-109.200000 40.800000 0.010982
-109.200000 41.000000 0.009298
-109.200000 41.200000 0.007451
-109.200000 41.400000 0.007654
-109.200000 41.600000 0.007041
-109.200000 41.800000 0.006264
-109.200000 42.000000 0.006374
-109.200000 42.200000 0.010496
-109.200000 42.400000 0.014948
-109.200000 42.600000 0.017637
-109.200000 42.800000 0.021314
-109.200000 43.000000 0.023874
-109.200000 43.200000 0.023097
-109.200000 43.400000 0.026670
-109.200000 43.600000 0.026488
-109.200000 43.800000 0.025451
-109.200000 44.000000 0.025299
-109.200000 44.200000 0.024306
-109.200000 44.400000 0.019544
-109.200000 44.600000 0.022341
-109.200000 44.800000 0.020285
-109.200000 45.000000 0.018300
-109.000000 40.000000 0.019621
-109.000000 40.200000 0.015644
-109.000000 40.400000 0.015515
-109.000000 40.600000 0.013230
-109.000000 40.800000 0.011966
-109.000000 41.000000 0.011238
-109.000000 41.200000 0.008610
-109.000000 41.400000 0.008465
-109.000000 41.600000 0.006206
-109.000000 41.800000 0.003277
-109.000000 42.000000 0.000532
-109.000000 42.200000 0.007186
-109.000000 42.400000 0.012517
-109.000000 42.600000 0.015470
-109.000000 42.800000 0.019605
-109.000000 43.000000 0.020572
-109.000000 43.200000 0.022267
-109.000000 43.400000 0.025789
-109.000000 43.600000 0.022829
-109.000000 43.800000 0.021205
-109.000000 44.000000 0.021245
-109.000000 44.200000 0.018029
-109.000000 44.400000 0.018222
-109.000000 44.600000 0.016995
-109.000000 44.800000 0.014683
-109.000000 45.000000 0.014114
-108.800000 40.000000 0.018637
-108.800000 40.200000 0.019462
-108.800000 40.400000 0.016888
-108.800000 40.600000 0.014350
-108.800000 40.800000 0.013550
-108.800000 41.000000 0.012838
-108.800000 41.200000 0.011301
-108.800000 41.400000 0.010045
-108.800000 41.600000 0.009277
-108.800000 41.800000 0.008045
-108.800000 42.000000 0.004582
-108.800000 42.200000 0.006335
-108.800000 42.400000 0.010697
-108.800000 42.600000 0.015648
-108.800000 42.800000 0.018456
-108.800000 43.000000 0.020260
-108.800000 43.200000 0.023253
-108.800000 43.400000 0.024643
-108.800000 43.600000 0.024261
-108.800000 43.800000 0.021835
-108.800000 44.000000 0.018370
-108.800000 44.200000 0.018221
-108.800000 44.400000 0.015919
-108.800000 44.600000 0.015341
-108.800000 44.800000 0.014694
-108.800000 45.000000 0.011877
-108.600000 40.000000 0.018662
-108.600000 40.200000 0.018319
-108.600000 40.400000 0.017413
-108.600000 40.600000 0.016751
-108.600000 40.800000 0.016727
-108.600000 41.000000 0.017292
-108.600000 41.200000 0.016796
-108.600000 41.400000 0.015527
-108.600000 41.600000 0.014517
-108.600000 41.800000 0.012632
-108.600000 42.000000 0.010073
-108.600000 42.200000 0.009820
-108.600000 42.400000 0.012898
-108.600000 42.600000 0.015555
-108.600000 42.800000 0.017980
-108.600000 43.000000 0.020333
-108.600000 43.200000 0.022693
-108.600000 43.400000 0.023281
-108.600000 43.600000 0.024496
-108.600000 43.800000 0.021517
-108.600000 44.000000 0.018587
-108.600000 44.200000 0.020881
-108.600000 44.400000 0.019003
-108.600000 44.600000 0.017006
-108.600000 44.800000 0.017109
-108.600000 45.000000 0.014390
-108.400000 40.000000 0.020446
-108.400000 40.200000 0.018454
-108.400000 40.400000 0.019651
-108.400000 40.600000 0.020814
-108.400000 40.800000 0.022226
-108.400000 41.000000 0.024196
-108.400000 41.200000 0.024292
-108.400000 41.400000 0.023873
-108.400000 41.600000 0.024063
-108.400000 41.800000 0.021930
-108.400000 42.000000 0.019008
-108.400000 42.200000 0.017457
-108.400000 42.400000 0.016910
-108.400000 42.600000 0.017418
-108.400000 42.800000 0.017914
-108.400000 43.000000 0.019032
-108.400000 43.200000 0.020295
-108.400000 43.400000 0.023786
-108.400000 43.600000 0.023202
-108.400000 43.800000 0.020937
-108.400000 44.000000 0.020837
-108.400000 44.200000 0.020543
-108.400000 44.400000 0.021051
-108.400000 44.600000 0.019965
-108.400000 44.800000 0.018545
-108.400000 45.000000 0.018249
-108.200000 40.000000 0.022305
-108.200000 40.200000 0.021513
-108.200000 40.400000 0.023124
-108.200000 40.600000 0.025458
-108.200000 40.800000 0.027083
-108.200000 41.000000 0.030607
-108.200000 41.200000 0.032308
-108.200000 41.400000 0.031884
-108.200000 41.600000 0.032723
-108.200000 41.800000 0.032394
-108.200000 42.000000 0.028421
-108.200000 42.200000 0.026142
-108.200000 42.400000 0.024044
-108.200000 42.600000 0.021032
-108.200000 42.800000 0.019730
-108.200000 43.000000 0.019058
-108.200000 43.200000 0.020311
-108.200000 43.400000 0.021830
-108.200000 43.600000 0.023161
-108.200000 43.800000 0.020143
-108.200000 44.000000 0.019882
-108.200000 44.200000 0.020330
-108.200000 44.400000 0.019208
-108.200000 44.600000 0.019976
-108.200000 44.800000 0.018611
-108.200000 45.000000 0.017303
-108.000000 40.000000 0.023261
-108.000000 40.200000 0.025070
-108.000000 40.400000 0.029205
-108.000000 40.600000 0.032665
-108.000000 40.800000 0.034779
-108.000000 41.000000 0.039099
-108.000000 41.200000 0.041517
-108.000000 41.400000 0.042034
-108.000000 41.600000 0.043173
-108.000000 41.800000 0.042757
-108.000000 42.000000 0.040132
-108.000000 42.200000 0.038399
-108.000000 42.400000 0.032771
-108.000000 42.600000 0.028279
-108.000000 42.800000 0.027039
-108.000000 43.000000 0.020629
-108.000000 43.200000 0.019455
-108.000000 43.400000 0.022030
-108.000000 43.600000 0.021440
-108.000000 43.800000 0.019623
-108.000000 44.000000 0.018844
-108.000000 44.200000 0.021366
-108.000000 44.400000 0.020260
-108.000000 44.600000 0.020414
-108.000000 44.800000 0.020397
-108.000000 45.000000 0.017491
-107.800000 40.000000 0.028709
-107.800000 40.200000 0.032408
-107.800000 40.400000 0.034708
-107.800000 40.600000 0.039625
-107.800000 40.800000 0.043479
-107.800000 41.000000 0.046422
-107.800000 41.200000 0.048757
-107.800000 41.400000 0.050396
-107.800000 41.600000 0.052022
-107.800000 41.800000 0.050301
-107.800000 42.000000 0.047457
-107.800000 42.200000 0.047263
-107.800000 42.400000 0.040279
-107.800000 42.600000 0.035311
-107.800000 42.800000 0.030306
-107.800000 43.000000 0.024282
-107.800000 43.200000 0.020525
-107.800000 43.400000 0.020573
-107.800000 43.600000 0.018674
-107.800000 43.800000 0.017129
-107.800000 44.000000 0.018436
-107.800000 44.200000 0.020106
-107.800000 44.400000 0.020704
-107.800000 44.600000 0.020995
-107.800000 44.800000 0.021368
-107.800000 45.000000 0.018198
-107.600000 40.000000 0.030608
-107.600000 40.200000 0.034172
-107.600000 40.400000 0.038100
-107.600000 40.600000 0.043754
-107.600000 40.800000 0.047623
-107.600000 41.000000 0.050716
-107.600000 41.200000 0.053306
-107.600000 41.400000 0.054096
-107.600000 41.600000 0.055191
-107.600000 41.800000 0.055331
-107.600000 42.000000 0.053231
-107.600000 42.200000 0.051640
-107.600000 42.400000 0.043892
-107.600000 42.600000 0.037060
-107.600000 42.800000 0.033175
-107.600000 43.000000 0.026175
-107.600000 43.200000 0.023130
-107.600000 43.400000 0.018933
-107.600000 43.600000 0.017119
-107.600000 43.800000 0.015719
-107.600000 44.000000 0.017725
-107.600000 44.200000 0.018638
-107.600000 44.400000 0.018313
-107.600000 44.600000 0.020711
-107.600000 44.800000 0.019834
-107.600000 45.000000 0.016048
-107.400000 40.000000 0.029564
-107.400000 40.200000 0.033707
-107.400000 40.400000 0.040091
-107.400000 40.600000 0.045350
-107.400000 40.800000 0.049220
-107.400000 41.000000 0.051892
-107.400000 41.200000 0.052860
-107.400000 41.400000 0.054595
-107.400000 41.600000 0.058013
-107.400000 41.800000 0.055759
-107.400000 42.000000 0.056183
-107.400000 42.200000 0.055081
-107.400000 42.400000 0.044595
-107.400000 42.600000 0.037567
-107.400000 42.800000 0.034749
-107.400000 43.000000 0.024730
-107.400000 43.200000 0.020500
-107.400000 43.400000 0.015115
-107.400000 43.600000 0.015156
-107.400000 43.800000 0.014826
-107.400000 44.000000 0.013662
-107.400000 44.200000 0.018499
-107.400000 44.400000 0.020643
-107.400000 44.600000 0.022267
-107.400000 44.800000 0.021298
-107.400000 45.000000 0.016040
-107.200000 40.000000 0.029511
-107.200000 40.200000 0.033671
-107.200000 40.400000 0.037954
-107.200000 40.600000 0.042380
-107.200000 40.800000 0.045098
-107.200000 41.000000 0.048410
-107.200000 41.200000 0.049474
-107.200000 41.400000 0.050510
-107.200000 41.600000 0.053378
-107.200000 41.800000 0.052666
-107.200000 42.000000 0.049779
-107.200000 42.200000 0.051641
-107.200000 42.400000 0.043125
-107.200000 42.600000 0.035782
-107.200000 42.800000 0.032883
-107.200000 43.000000 0.025163
-107.200000 43.200000 0.017858
-107.200000 43.400000 0.015023
-107.200000 43.600000 0.012786
-107.200000 43.800000 0.013009
-107.200000 44.000000 0.013972
-107.200000 44.200000 0.017755
-107.200000 44.400000 0.021585
-107.200000 44.600000 0.023085
-107.200000 44.800000 0.023490
-107.200000 45.000000 0.018181
-107.000000 40.000000 0.029823
-107.000000 40.200000 0.033673
-107.000000 40.400000 0.035759
-107.000000 40.600000 0.038472
-107.000000 40.800000 0.039246
-107.000000 41.000000 0.042354
-107.000000 41.200000 0.045302
-107.000000 41.400000 0.044177
-107.000000 41.600000 0.045993
-107.000000 41.800000 0.046588
-107.000000 42.000000 0.044547
-107.000000 42.200000 0.045437
-107.000000 42.400000 0.040332
-107.000000 42.600000 0.032709
-107.000000 42.800000 0.027413
-107.000000 43.000000 0.021623
-107.000000 43.200000 0.016027
-107.000000 43.400000 0.012148
-107.000000 43.600000 0.011194
-107.000000 43.800000 0.012258
-107.000000 44.000000 0.013521
-107.000000 44.200000 0.014638
-107.000000 44.400000 0.018522
-107.000000 44.600000 0.022892
-107.000000 44.800000 0.023335
-107.000000 45.000000 0.019144
