-113.000000 40.000000 0.009447
-113.000000 40.200000 0.013200
-113.000000 40.400000 0.013597
-113.000000 40.600000 0.013491
-113.000000 40.800000 0.014734
-113.000000 41.000000 0.015269
-113.000000 41.200000 0.016007
-113.000000 41.400000 0.013824
-113.000000 41.600000 0.016300
-113.000000 41.800000 0.020530
-113.000000 42.000000 0.018494
-113.000000 42.200000 0.017651
-113.000000 42.400000 0.018550
-113.000000 42.600000 0.016525
-113.000000 42.800000 0.014555
-113.000000 43.000000 0.013141
-113.000000 43.200000 0.007931
-113.000000 43.400000 0.007554
-113.000000 43.600000 0.010495
-113.000000 43.800000 0.013617
-113.000000 44.000000 0.017880
-113.000000 44.200000 0.019802
-113.000000 44.400000 0.020591
-113.000000 44.600000 0.022660
-113.000000 44.800000 0.018992
-113.000000 45.000000 0.015572
-112.800000 40.000000 0.014058
-112.800000 40.200000 0.017099
-112.800000 40.400000 0.016506
-112.800000 40.600000 0.017051
-112.800000 40.800000 0.018471
-112.800000 41.000000 0.017472
-112.800000 41.200000 0.016801
-112.800000 41.400000 0.017646
-112.800000 41.600000 0.019595
-112.800000 41.800000 0.019595
-112.800000 42.000000 0.021180
-112.800000 42.200000 0.021517
-112.800000 42.400000 0.020240
-112.800000 42.600000 0.019445
-112.800000 42.800000 0.018982
-112.800000 43.000000 0.015575
-112.800000 43.200000 0.010686
-112.800000 43.400000 0.008961
-112.800000 43.600000 0.009757
-112.800000 43.800000 0.010734
-112.800000 44.000000 0.015379
-112.800000 44.200000 0.018962
-112.800000 44.400000 0.020848
-112.800000 44.600000 0.021752
-112.800000 44.800000 0.020704
-112.800000 45.000000 0.018188
-112.600000 40.000000 0.014871
-112.600000 40.200000 0.019105
-112.600000 40.400000 0.017949
-112.600000 40.600000 0.018202
-112.600000 40.800000 0.019658
-112.600000 41.000000 0.017997
-112.600000 41.200000 0.017320
-112.600000 41.400000 0.019014
-112.600000 41.600000 0.018438
-112.600000 41.800000 0.018180
-112.600000 42.000000 0.020703
-112.600000 42.200000 0.019924
-112.600000 42.400000 0.018855
-112.600000 42.600000 0.019362
-112.600000 42.800000 0.016866
-112.600000 43.000000 0.013324
-112.600000 43.200000 0.009484
-112.600000 43.400000 0.003452
-112.600000 43.600000 0.002548
-112.600000 43.800000 0.006731
-112.600000 44.000000 0.013196
-112.600000 44.200000 0.016297
-112.600000 44.400000 0.019385
-112.600000 44.600000 0.023732
-112.600000 44.800000 0.022206
-112.600000 45.000000 0.020937
-112.400000 40.000000 0.015445
-112.400000 40.200000 0.019230
-112.400000 40.400000 0.020327
-112.400000 40.600000 0.019678
-112.400000 40.800000 0.020345
-112.400000 41.000000 0.020064
-112.400000 41.200000 0.019050
-112.400000 41.400000 0.017881
-112.400000 41.600000 0.019275
-112.400000 41.800000 0.020024
-112.400000 42.000000 0.019548
-112.400000 42.200000 0.020247
-112.400000 42.400000 0.019929
-112.400000 42.600000 0.018961
-112.400000 42.800000 0.017524
-112.400000 43.000000 0.015337
-112.400000 43.200000 0.010919
-112.400000 43.400000 0.006232
-112.400000 43.600000 0.001083
-112.400000 43.800000 0.004781
-112.400000 44.000000 0.010398
-112.400000 44.200000 0.014963
-112.400000 44.400000 0.020047
-112.400000 44.600000 0.024338
-112.400000 44.800000 0.023566
-112.400000 45.000000 0.023589
-112.200000 40.000000 0.017649
-112.200000 40.200000 0.020764
-112.200000 40.400000 0.020545
-112.200000 40.600000 0.020706
-112.200000 40.800000 0.020216
-112.200000 41.000000 0.019369
-112.200000 41.200000 0.018924
-112.200000 41.400000 0.018512
-112.200000 41.600000 0.018974
-112.200000 41.800000 0.020737
-112.200000 42.000000 0.021393
-112.200000 42.200000 0.020284
-112.200000 42.400000 0.021217
-112.200000 42.600000 0.021105
-112.200000 42.800000 0.018890
-112.200000 43.000000 0.017309
-112.200000 43.200000 0.014826
-112.200000 43.400000 0.008682
-112.200000 43.600000 0.004230
-112.200000 43.800000 0.004640
-112.200000 44.000000 0.008641
-112.200000 44.200000 0.014333
-112.200000 44.400000 0.019889
-112.200000 44.600000 0.024123
-112.200000 44.800000 0.025184
-112.200000 45.000000 0.025355
-112.000000 40.000000 0.018079
-112.000000 40.200000 0.020197
-112.000000 40.400000 0.020723
-112.000000 40.600000 0.019540
-112.000000 40.800000 0.019669
-112.000000 41.000000 0.018739
-112.000000 41.200000 0.017643
-112.000000 41.400000 0.016869
-112.000000 41.600000 0.017539
-112.000000 41.800000 0.017453
-112.000000 42.000000 0.018140
-112.000000 42.200000 0.019764
-112.000000 42.400000 0.019390
-112.000000 42.600000 0.020424
-112.000000 42.800000 0.021041
-112.000000 43.000000 0.020845
-112.000000 43.200000 0.018328
-112.000000 43.400000 0.013544
-112.000000 43.600000 0.009352
-112.000000 43.800000 0.004622
-112.000000 44.000000 0.005469
-112.000000 44.200000 0.011010
-112.000000 44.400000 0.017094
-112.000000 44.600000 0.022284
-112.000000 44.800000 0.025177
-112.000000 45.000000 0.026865
-111.800000 40.000000 0.018571
-111.800000 40.200000 0.018743
-111.800000 40.400000 0.020092
-111.800000 40.600000 0.018938
-111.800000 40.800000 0.017453
-111.800000 41.000000 0.018227
-111.800000 41.200000 0.016273
-111.800000 41.400000 0.015742
-111.800000 41.600000 0.017059
-111.800000 41.800000 0.016274
-111.800000 42.000000 0.017267
-111.800000 42.200000 0.018732
-111.800000 42.400000 0.019670
-111.800000 42.600000 0.021893
-111.800000 42.800000 0.023091
-111.800000 43.000000 0.024077
-111.800000 43.200000 0.022006
-111.800000 43.400000 0.018243
-111.800000 43.600000 0.012244
-111.800000 43.800000 0.006069
-111.800000 44.000000 0.001431
-111.800000 44.200000 0.007249
-111.800000 44.400000 0.014378
-111.800000 44.600000 0.020021
-111.800000 44.800000 0.023585
-111.800000 45.000000 0.027513
-111.600000 40.000000 0.019599
-111.600000 40.200000 0.019059
-111.600000 40.400000 0.019987
-111.600000 40.600000 0.019428
-111.600000 40.800000 0.017920
-111.600000 41.000000 0.017771
-111.600000 41.200000 0.017356
-111.600000 41.400000 0.017223
-111.600000 41.600000 0.017118
-111.600000 41.800000 0.017955
-111.600000 42.000000 0.019566
-111.600000 42.200000 0.020115
-111.600000 42.400000 0.022373
-111.600000 42.600000 0.025377
-111.600000 42.800000 0.025825
-111.600000 43.000000 0.027441
-111.600000 43.200000 0.026167
-111.600000 43.400000 0.019511
-111.600000 43.600000 0.014182
-111.600000 43.800000 0.008941
-111.600000 44.000000 0.002757
-111.600000 44.200000 0.006356
-111.600000 44.400000 0.011911
-111.600000 44.600000 0.017723
-111.600000 44.800000 0.022615
-111.600000 45.000000 0.025662
-111.400000 40.000000 0.021728
-111.400000 40.200000 0.021005
-111.400000 40.400000 0.021288
-111.400000 40.600000 0.019406
-111.400000 40.800000 0.019171
-111.400000 41.000000 0.019390
-111.400000 41.200000 0.017219
-111.400000 41.400000 0.018000
-111.400000 41.600000 0.017627
-111.400000 41.800000 0.017041
-111.400000 42.000000 0.019987
-111.400000 42.200000 0.021567
-111.400000 42.400000 0.023499
-111.400000 42.600000 0.026937
-111.400000 42.800000 0.029242
-111.400000 43.000000 0.030643
-111.400000 43.200000 0.028218
-111.400000 43.400000 0.022500
-111.400000 43.600000 0.016805
-111.400000 43.800000 0.011093
-111.400000 44.000000 0.004495
-111.400000 44.200000 0.004270
-111.400000 44.400000 0.010933
-111.400000 44.600000 0.015880
-111.400000 44.800000 0.021817
-111.400000 45.000000 0.025761
-111.200000 40.000000 0.024547
-111.200000 40.200000 0.022466
-111.200000 40.400000 0.021438
-111.200000 40.600000 0.020688
-111.200000 40.800000 0.021033
-111.200000 41.000000 0.019791
-111.200000 41.200000 0.017332
-111.200000 41.400000 0.018182
-111.200000 41.600000 0.017858
-111.200000 41.800000 0.017201
-111.200000 42.000000 0.019472
-111.200000 42.200000 0.021652
-111.200000 42.400000 0.024787
-111.200000 42.600000 0.027955
-111.200000 42.800000 0.030373
-111.200000 43.000000 0.032110
-111.200000 43.200000 0.029635
-111.200000 43.400000 0.023816
-111.200000 43.600000 0.017375
-111.200000 43.800000 0.012676
-111.200000 44.000000 0.004442
-111.200000 44.200000 0.005399
-111.200000 44.400000 0.011183
-111.200000 44.600000 0.016473
-111.200000 44.800000 0.021850
-111.200000 45.000000 0.025985
-111.000000 40.000000 0.026457
-111.000000 40.200000 0.023356
-111.000000 40.400000 0.022492
-111.000000 40.600000 0.021777
-111.000000 40.800000 0.020467
-111.000000 41.000000 0.019677
-111.000000 41.200000 0.017954
-111.000000 41.400000 0.016839
-111.000000 41.600000 0.016819
-111.000000 41.800000 0.018044
-111.000000 42.000000 0.021221
-111.000000 42.200000 0.023843
-111.000000 42.400000 0.027031
-111.000000 42.600000 0.030933
-111.000000 42.800000 0.032603
-111.000000 43.000000 0.033741
-111.000000 43.200000 0.030827
-111.000000 43.400000 0.025658
-111.000000 43.600000 0.017823
-111.000000 43.800000 0.012065
-111.000000 44.000000 0.005677
-111.000000 44.200000 0.005032
-111.000000 44.400000 0.010308
-111.000000 44.600000 0.015511
-111.000000 44.800000 0.022100
-111.000000 45.000000 0.027605
-110.800000 40.000000 0.026769
-110.800000 40.200000 0.024285
-110.800000 40.400000 0.022415
-110.800000 40.600000 0.020658
-110.800000 40.800000 0.021108
-110.800000 41.000000 0.017892
-110.800000 41.200000 0.015868
-110.800000 41.400000 0.016536
-110.800000 41.600000 0.014478
-110.800000 41.800000 0.015853
-110.800000 42.000000 0.020710
-110.800000 42.200000 0.024512
-110.800000 42.400000 0.028471
-110.800000 42.600000 0.031910
-110.800000 42.800000 0.035947
-110.800000 43.000000 0.033802
-110.800000 43.200000 0.031725
-110.800000 43.400000 0.026498
-110.800000 43.600000 0.016792
-110.800000 43.800000 0.011352
-110.800000 44.000000 0.005772
-110.800000 44.200000 0.006766
-110.800000 44.400000 0.013239
-110.800000 44.600000 0.017789
-110.800000 44.800000 0.023569
-110.800000 45.000000 0.029133
-110.600000 40.000000 0.026238
-110.600000 40.200000 0.023576
-110.600000 40.400000 0.022555
-110.600000 40.600000 0.020816
-110.600000 40.800000 0.021094
-110.600000 41.000000 0.019084
-110.600000 41.200000 0.015337
-110.600000 41.400000 0.013018
-110.600000 41.600000 0.011429
-110.600000 41.800000 0.012321
-110.600000 42.000000 0.017140
-110.600000 42.200000 0.022917
-110.600000 42.400000 0.028292
-110.600000 42.600000 0.032511
-110.600000 42.800000 0.034424
-110.600000 43.000000 0.032603
-110.600000 43.200000 0.031415
-110.600000 43.400000 0.024116
-110.600000 43.600000 0.015860
-110.600000 43.800000 0.010223
-110.600000 44.000000 0.002830
-110.600000 44.200000 0.011852
-110.600000 44.400000 0.017164
-110.600000 44.600000 0.020638
-110.600000 44.800000 0.026013
-110.600000 45.000000 0.030056
-110.400000 40.000000 0.026053
-110.400000 40.200000 0.023321
-110.400000 40.400000 0.021281
-110.400000 40.600000 0.020337
-110.400000 40.800000 0.019056
-110.400000 41.000000 0.017878
-110.400000 41.200000 0.014161
-110.400000 41.400000 0.008902
-110.400000 41.600000 0.007249
-110.400000 41.800000 0.009215
-110.400000 42.000000 0.015960
-110.400000 42.200000 0.023001
-110.400000 42.400000 0.027853
-110.400000 42.600000 0.033642
-110.400000 42.800000 0.035924
-110.400000 43.000000 0.032932
-110.400000 43.200000 0.028689
-110.400000 43.400000 0.022613
-110.400000 43.600000 0.013649
-110.400000 43.800000 0.007332
-110.400000 44.000000 0.008611
-110.400000 44.200000 0.017094
-110.400000 44.400000 0.021763
-110.400000 44.600000 0.026950
-110.400000 44.800000 0.031141
-110.400000 45.000000 0.033510
-110.200000 40.000000 0.023644
-110.200000 40.200000 0.021279
-110.200000 40.400000 0.018403
-110.200000 40.600000 0.018060
-110.200000 40.800000 0.018335
-110.200000 41.000000 0.013890
-110.200000 41.200000 0.010846
-110.200000 41.400000 0.009775
-110.200000 41.600000 0.004464
-110.200000 41.800000 0.008286
-110.200000 42.000000 0.014602
-110.200000 42.200000 0.020383
-110.200000 42.400000 0.026967
-110.200000 42.600000 0.032922
-110.200000 42.800000 0.035082
-110.200000 43.000000 0.030273
-110.200000 43.200000 0.028428
-110.200000 43.400000 0.022710
-110.200000 43.600000 0.013881
-110.200000 43.800000 0.009586
-110.200000 44.000000 0.011231
-110.200000 44.200000 0.016273
-110.200000 44.400000 0.022651
-110.200000 44.600000 0.029166
-110.200000 44.800000 0.029772
-110.200000 45.000000 0.034895
-110.000000 40.000000 0.021994
-110.000000 40.200000 0.020464
-110.000000 40.400000 0.018916
-110.000000 40.600000 0.017366
-110.000000 40.800000 0.020113
-110.000000 41.000000 0.016360
-110.000000 41.200000 0.011529
-110.000000 41.400000 0.010028
-110.000000 41.600000 0.004178
-110.000000 41.800000 0.006613
-110.000000 42.000000 0.012584
-110.000000 42.200000 0.018920
-110.000000 42.400000 0.025464
-110.000000 42.600000 0.031570
-110.000000 42.800000 0.031224
-110.000000 43.000000 0.028681
-110.000000 43.200000 0.028553
-110.000000 43.400000 0.021233
-110.000000 43.600000 0.012616
-110.000000 43.800000 0.009524
-110.000000 44.000000 0.009463
-110.000000 44.200000 0.019333
-110.000000 44.400000 0.024766
-110.000000 44.600000 0.026116
-110.000000 44.800000 0.030465
-110.000000 45.000000 0.032943
-109.800000 40.000000 0.020817
-109.800000 40.200000 0.019244
-109.800000 40.400000 0.017600
-109.800000 40.600000 0.017894
-109.800000 40.800000 0.018214
-109.800000 41.000000 0.017548
-109.800000 41.200000 0.014160
-109.800000 41.400000 0.008261
-109.800000 41.600000 0.003261
-109.800000 41.800000 0.004297
-109.800000 42.000000 0.011195
-109.800000 42.200000 0.018077
-109.800000 42.400000 0.022101
-109.800000 42.600000 0.029141
-109.800000 42.800000 0.032063
-109.800000 43.000000 0.028680
-109.800000 43.200000 0.025318
-109.800000 43.400000 0.022783
-109.800000 43.600000 0.012543
-109.800000 43.800000 0.009888
-109.800000 44.000000 0.012936
-109.800000 44.200000 0.021960
-109.800000 44.400000 0.027181
-109.800000 44.600000 0.032363
-109.800000 44.800000 0.032680
-109.800000 45.000000 0.033795
-109.600000 40.000000 0.014780
-109.600000 40.200000 0.013898
-109.600000 40.400000 0.011757
-109.600000 40.600000 0.014051
-109.600000 40.800000 0.016358
-109.600000 41.000000 0.014341
-109.600000 41.200000 0.013859
-109.600000 41.400000 0.011684
-109.600000 41.600000 0.004629
-109.600000 41.800000 0.000858
-109.600000 42.000000 0.007600
-109.600000 42.200000 0.015307
-109.600000 42.400000 0.022720
-109.600000 42.600000 0.029583
-109.600000 42.800000 0.033644
-109.600000 43.000000 0.030010
-109.600000 43.200000 0.029288
-109.600000 43.400000 0.025046
-109.600000 43.600000 0.016055
-109.600000 43.800000 0.012656
-109.600000 44.000000 0.017456
-109.600000 44.200000 0.020830
-109.600000 44.400000 0.028422
-109.600000 44.600000 0.034023
-109.600000 44.800000 0.030835
-109.600000 45.000000 0.033711
-109.400000 40.000000 0.008222
-109.400000 40.200000 0.009737
-109.400000 40.400000 0.011068
-109.400000 40.600000 0.012173
-109.400000 40.800000 0.015789
-109.400000 41.000000 0.016357
-109.400000 41.200000 0.014919
-109.400000 41.400000 0.012207
-109.400000 41.600000 0.006416
-109.400000 41.800000 0.003405
-109.400000 42.000000 0.008150
-109.400000 42.200000 0.014803
-109.400000 42.400000 0.022125
-109.400000 42.600000 0.030018
-109.400000 42.800000 0.031112
-109.400000 43.000000 0.029610
-109.400000 43.200000 0.031024
-109.400000 43.400000 0.026692
-109.400000 43.600000 0.019040
-109.400000 43.800000 0.016282
-109.400000 44.000000 0.016682
-109.400000 44.200000 0.023579
-109.400000 44.400000 0.028274
-109.400000 44.600000 0.030836
-109.400000 44.800000 0.033039
-109.400000 45.000000 0.033488
-109.200000 40.000000 0.006626
-109.200000 40.200000 0.008307
-109.200000 40.400000 0.011136
-109.200000 40.600000 0.014213
-109.200000 40.800000 0.016508
-109.200000 41.000000 0.017993
-109.200000 41.200000 0.017321
-109.200000 41.400000 0.013962
-109.200000 41.600000 0.009186
-109.200000 41.800000 0.006596
-109.200000 42.000000 0.009667
-109.200000 42.200000 0.016724
-109.200000 42.400000 0.021847
-109.200000 42.600000 0.028256
-109.200000 42.800000 0.031887
-109.200000 43.000000 0.029709
-109.200000 43.200000 0.029203
-109.200000 43.400000 0.027365
-109.200000 43.600000 0.019843
-109.200000 43.800000 0.018437
-109.200000 44.000000 0.019888
-109.200000 44.200000 0.024797
-109.200000 44.400000 0.028242
-109.200000 44.600000 0.033435
-109.200000 44.800000 0.034347
-109.200000 45.000000 0.031358
-109.000000 40.000000 0.007444
-109.000000 40.200000 0.009789
-109.000000 40.400000 0.012407
-109.000000 40.600000 0.014921
-109.000000 40.800000 0.017978
-109.000000 41.000000 0.018702
-109.000000 41.200000 0.018096
-109.000000 41.400000 0.016604
-109.000000 41.600000 0.012552
-109.000000 41.800000 0.008751
-109.000000 42.000000 0.009394
-109.000000 42.200000 0.014177
-109.000000 42.400000 0.019983
-109.000000 42.600000 0.025912
-109.000000 42.800000 0.028690
-109.000000 43.000000 0.029351
-109.000000 43.200000 0.032219
-109.000000 43.400000 0.027320
-109.000000 43.600000 0.024097
-109.000000 43.800000 0.023441
-109.000000 44.000000 0.025845
-109.000000 44.200000 0.025804
-109.000000 44.400000 0.029057
-109.000000 44.600000 0.032649
-109.000000 44.800000 0.029120
-109.000000 45.000000 0.029116
-108.800000 40.000000 0.015075
-108.800000 40.200000 0.016275
-108.800000 40.400000 0.017955
-108.800000 40.600000 0.019782
-108.800000 40.800000 0.021810
-108.800000 41.000000 0.020617
-108.800000 41.200000 0.019487
-108.800000 41.400000 0.018043
-108.800000 41.600000 0.013437
-108.800000 41.800000 0.010250
-108.800000 42.000000 0.009460
-108.800000 42.200000 0.013099
-108.800000 42.400000 0.018040
-108.800000 42.600000 0.023585
-108.800000 42.800000 0.026518
-108.800000 43.000000 0.027471
-108.800000 43.200000 0.028992
-108.800000 43.400000 0.028269
-108.800000 43.600000 0.025280
-108.800000 43.800000 0.024352
-108.800000 44.000000 0.025227
-108.800000 44.200000 0.027176
-108.800000 44.400000 0.027872
-108.800000 44.600000 0.026351
-108.800000 44.800000 0.026578
-108.800000 45.000000 0.024058
-108.600000 40.000000 0.023225
-108.600000 40.200000 0.021406
-108.600000 40.400000 0.024276
-108.600000 40.600000 0.025898
-108.600000 40.800000 0.025318
-108.600000 41.000000 0.023723
-108.600000 41.200000 0.022001
-108.600000 41.400000 0.018732
-108.600000 41.600000 0.014472
-108.600000 41.800000 0.012002
-108.600000 42.000000 0.010318
-108.600000 42.200000 0.014113
-108.600000 42.400000 0.015576
-108.600000 42.600000 0.022165
-108.600000 42.800000 0.025850
-108.600000 43.000000 0.022526
-108.600000 43.200000 0.025056
-108.600000 43.400000 0.025438
-108.600000 43.600000 0.021993
-108.600000 43.800000 0.021461
-108.600000 44.000000 0.022909
-108.600000 44.200000 0.023227
-108.600000 44.400000 0.023011
-108.600000 44.600000 0.023608
-108.600000 44.800000 0.021917
-108.600000 45.000000 0.020612
-108.400000 40.000000 0.028416
-108.400000 40.200000 0.031475
-108.400000 40.400000 0.030646
-108.400000 40.600000 0.029876
-108.400000 40.800000 0.030468
-108.400000 41.000000 0.028211
-108.400000 41.200000 0.025740
-108.400000 41.400000 0.023138
-108.400000 41.600000 0.018592
-108.400000 41.800000 0.014666
-108.400000 42.000000 0.012230
-108.400000 42.200000 0.012326
-108.400000 42.400000 0.014777
-108.400000 42.600000 0.017705
-108.400000 42.800000 0.020904
-108.400000 43.000000 0.020307
-108.400000 43.200000 0.021873
-108.400000 43.400000 0.021018
-108.400000 43.600000 0.018517
-108.400000 43.800000 0.018704
-108.400000 44.000000 0.020209
-108.400000 44.200000 0.020520
-108.400000 44.400000 0.020380
-108.400000 44.600000 0.020486
-108.400000 44.800000 0.019515
-108.400000 45.000000 0.018225
-108.200000 40.000000 0.034187
-108.200000 40.200000 0.034156
-108.200000 40.400000 0.034674
-108.200000 40.600000 0.034909
-108.200000 40.800000 0.034549
-108.200000 41.000000 0.031601
-108.200000 41.200000 0.029623
-108.200000 41.400000 0.026836
-108.200000 41.600000 0.022376
-108.200000 41.800000 0.018612
-108.200000 42.000000 0.016132
-108.200000 42.200000 0.015466
-108.200000 42.400000 0.015879
-108.200000 42.600000 0.018543
-108.200000 42.800000 0.018471
-108.200000 43.000000 0.018618
-108.200000 43.200000 0.018430
-108.200000 43.400000 0.017906
-108.200000 43.600000 0.017320
-108.200000 43.800000 0.015465
-108.200000 44.000000 0.016500
-108.200000 44.200000 0.017775
-108.200000 44.400000 0.016482
-108.200000 44.600000 0.016576
-108.200000 44.800000 0.015606
-108.200000 45.000000 0.014018
-108.000000 40.000000 0.037912
-108.000000 40.200000 0.039123
-108.000000 40.400000 0.038827
-108.000000 40.600000 0.039573
-108.000000 40.800000 0.039058
-108.000000 41.000000 0.036119
-108.000000 41.200000 0.034397
-108.000000 41.400000 0.031174
-108.000000 41.600000 0.025818
-108.000000 41.800000 0.023349
-108.000000 42.000000 0.020470
-108.000000 42.200000 0.017896
-108.000000 42.400000 0.017109
-108.000000 42.600000 0.017384
-108.000000 42.800000 0.016440
-108.000000 43.000000 0.013054
-108.000000 43.200000 0.012819
-108.000000 43.400000 0.013613
-108.000000 43.600000 0.010030
-108.000000 43.800000 0.009905
-108.000000 44.000000 0.013246
-108.000000 44.200000 0.012239
-108.000000 44.400000 0.010803
-108.000000 44.600000 0.013384
-108.000000 44.800000 0.011031
-108.000000 45.000000 0.009638
-107.800000 40.000000 0.040113
-107.800000 40.200000 0.041554
-107.800000 40.400000 0.041750
-107.800000 40.600000 0.042134
-107.800000 40.800000 0.041650
-107.800000 41.000000 0.040489
-107.800000 41.200000 0.037895
-107.800000 41.400000 0.034967
-107.800000 41.600000 0.030857
-107.800000 41.800000 0.026064
-107.800000 42.000000 0.021739
-107.800000 42.200000 0.020306
-107.800000 42.400000 0.017187
-107.800000 42.600000 0.014046
-107.800000 42.800000 0.010694
-107.800000 43.000000 0.006324
-107.800000 43.200000 0.006042
-107.800000 43.400000 0.006265
-107.800000 43.600000 0.003016
-107.800000 43.800000 0.005361
-107.800000 44.000000 0.006416
-107.800000 44.200000 0.007975
-107.800000 44.400000 0.009475
-107.800000 44.600000 0.008049
-107.800000 44.800000 0.006095
-107.800000 45.000000 0.004908
-107.600000 40.000000 0.040429
-107.600000 40.200000 0.043276
-107.600000 40.400000 0.044045
-107.600000 40.600000 0.044751
-107.600000 40.800000 0.045240
-107.600000 41.000000 0.043410
-107.600000 41.200000 0.040987
-107.600000 41.400000 0.038221
-107.600000 41.600000 0.033948
-107.600000 41.800000 0.028494
-107.600000 42.000000 0.025105
-107.600000 42.200000 0.022377
-107.600000 42.400000 0.016622
-107.600000 42.600000 0.014975
-107.600000 42.800000 0.009836
-107.600000 43.000000 0.003407
-107.600000 43.200000 0.002517
-107.600000 43.400000 0.002022
-107.600000 43.600000 0.002151
-107.600000 43.800000 0.000331
-107.600000 44.000000 0.004578
-107.600000 44.200000 0.004131
-107.600000 44.400000 0.005348
-107.600000 44.600000 0.003165
-107.600000 44.800000 0.002340
-107.600000 45.000000 0.001930
-107.400000 40.000000 0.039495
-107.400000 40.200000 0.041609
-107.400000 40.400000 0.042835
-107.400000 40.600000 0.044311
-107.400000 40.800000 0.045249
-107.400000 41.000000 0.043786
-107.400000 41.200000 0.042025
-107.400000 41.400000 0.039266
-107.400000 41.600000 0.034951
-107.400000 41.800000 0.030222
-107.400000 42.000000 0.026018
-107.400000 42.200000 0.022256
-107.400000 42.400000 0.016988
-107.400000 42.600000 0.012974
-107.400000 42.800000 0.008797
-107.400000 43.000000 0.008031
-107.400000 43.200000 0.003099
-107.400000 43.400000 0.004609
-107.400000 43.600000 0.007228
-107.400000 43.800000 0.006344
-107.400000 44.000000 0.004682
-107.400000 44.200000 0.006057
-107.400000 44.400000 0.003154
-107.400000 44.600000 0.002151
-107.400000 44.800000 0.000620
-107.400000 45.000000 0.002111
-107.200000 40.000000 0.035875
-107.200000 40.200000 0.039592
-107.200000 40.400000 0.040978
-107.200000 40.600000 0.042837
-107.200000 40.800000 0.043752
-107.200000 41.000000 0.043501
-107.200000 41.200000 0.041225
-107.200000 41.400000 0.038703
-107.200000 41.600000 0.033836
-107.200000 41.800000 0.028853
-107.200000 42.000000 0.023956
-107.200000 42.200000 0.021205
-107.200000 42.400000 0.015399
-107.200000 42.600000 0.011209
-107.200000 42.800000 0.010084
-107.200000 43.000000 0.009557
-107.200000 43.200000 0.006928
-107.200000 43.400000 0.009561
-107.200000 43.600000 0.011647
-107.200000 43.800000 0.008353
-107.200000 44.000000 0.005597
-107.200000 44.200000 0.004859
-107.200000 44.400000 0.003819
-107.200000 44.600000 0.001553
-107.200000 44.800000 0.004289
-107.200000 45.000000 0.005310
-107.000000 40.000000 0.027833
-107.000000 40.200000 0.032095
-107.000000 40.400000 0.033771
-107.000000 40.600000 0.035083
-107.000000 40.800000 0.037190
-107.000000 41.000000 0.037004
-107.000000 41.200000 0.035538
-107.000000 41.400000 0.033627
-107.000000 41.600000 0.031413
-107.000000 41.800000 0.026722
-107.000000 42.000000 0.023233
-107.000000 42.200000 0.019861
-107.000000 42.400000 0.015035
-107.000000 42.600000 0.011916
-107.000000 42.800000 0.012944
-107.000000 43.000000 0.014971
-107.000000 43.200000 0.013370
-107.000000 43.400000 0.013410
-107.000000 43.600000 0.014161
-107.000000 43.800000 0.011334
-107.000000 44.000000 0.007432
-107.000000 44.200000 0.005621
-107.000000 44.400000 0.002546
-107.000000 44.600000 0.002578
-107.000000 44.800000 0.008345
-107.000000 45.000000 0.009486
