-113.000000 40.000000 0.016321
-113.000000 40.200000 0.018862
-113.000000 40.400000 0.019939
-113.000000 40.600000 0.020333
-113.000000 40.800000 0.021562
-113.000000 41.000000 0.021621
-113.000000 41.200000 0.022866
-113.000000 41.400000 0.025380
-113.000000 41.600000 0.027119
-113.000000 41.800000 0.029279
-113.000000 42.000000 0.029204
-113.000000 42.200000 0.029278
-113.000000 42.400000 0.027659
-113.000000 42.600000 0.023390
-113.000000 42.800000 0.019250
-113.000000 43.000000 0.013451
-113.000000 43.200000 0.008223
-113.000000 43.400000 0.009733
-113.000000 43.600000 0.015818
-113.000000 43.800000 0.020360
-113.000000 44.000000 0.025228
-113.000000 44.200000 0.030142
-113.000000 44.400000 0.032410
-113.000000 44.600000 0.033538
-113.000000 44.800000 0.035253
-113.000000 45.000000 0.033355
-112.800000 40.000000 0.020671
-112.800000 40.200000 0.020419
-112.800000 40.400000 0.023177
-112.800000 40.600000 0.024751
-112.800000 40.800000 0.024204
-112.800000 41.000000 0.024707
-112.800000 41.200000 0.025602
-112.800000 41.400000 0.027288
-112.800000 41.600000 0.029420
-112.800000 41.800000 0.031569
-112.800000 42.000000 0.032125
-112.800000 42.200000 0.031514
-112.800000 42.400000 0.031095
-112.800000 42.600000 0.027807
-112.800000 42.800000 0.023651
-112.800000 43.000000 0.017694
-112.800000 43.200000 0.012114
-112.800000 43.400000 0.008212
-112.800000 43.600000 0.011245
-112.800000 43.800000 0.016349
-112.800000 44.000000 0.021918
-112.800000 44.200000 0.026954
-112.800000 44.400000 0.030988
-112.800000 44.600000 0.033317
-112.800000 44.800000 0.034116
-112.800000 45.000000 0.033885
-112.600000 40.000000 0.021041
-112.600000 40.200000 0.023532
-112.600000 40.400000 0.025036
-112.600000 40.600000 0.026563
-112.600000 40.800000 0.026973
-112.600000 41.000000 0.025490
-112.600000 41.200000 0.026205
-112.600000 41.400000 0.027496
-112.600000 41.600000 0.029582
-112.600000 41.800000 0.032500
-112.600000 42.000000 0.033764
-112.600000 42.200000 0.035221
-112.600000 42.400000 0.034349
-112.600000 42.600000 0.032531
-112.600000 42.800000 0.029415
-112.600000 43.000000 0.023617
-112.600000 43.200000 0.017265
-112.600000 43.400000 0.009587
-112.600000 43.600000 0.005772
-112.600000 43.800000 0.011837
-112.600000 44.000000 0.018781
-112.600000 44.200000 0.025249
-112.600000 44.400000 0.030645
-112.600000 44.600000 0.033361
-112.600000 44.800000 0.035969
-112.600000 45.000000 0.035151
-112.400000 40.000000 0.022589
-112.400000 40.200000 0.024568
-112.400000 40.400000 0.026152
-112.400000 40.600000 0.026974
-112.400000 40.800000 0.027629
-112.400000 41.000000 0.025729
-112.400000 41.200000 0.025674
-112.400000 41.400000 0.027351
-112.400000 41.600000 0.029845
-112.400000 41.800000 0.032922
-112.400000 42.000000 0.034636
-112.400000 42.200000 0.036156
-112.400000 42.400000 0.036199
-112.400000 42.600000 0.034828
-112.400000 42.800000 0.032147
-112.400000 43.000000 0.027333
-112.400000 43.200000 0.021488
-112.400000 43.400000 0.013627
-112.400000 43.600000 0.005076
-112.400000 43.800000 0.006687
-112.400000 44.000000 0.014979
-112.400000 44.200000 0.023150
-112.400000 44.400000 0.029288
-112.400000 44.600000 0.032718
-112.400000 44.800000 0.036967
-112.400000 45.000000 0.037293
-112.200000 40.000000 0.027003
-112.200000 40.200000 0.026712
-112.200000 40.400000 0.028967
-112.200000 40.600000 0.029957
-112.200000 40.800000 0.028117
-112.200000 41.000000 0.025301
-112.200000 41.200000 0.024462
-112.200000 41.400000 0.025137
-112.200000 41.600000 0.026959
-112.200000 41.800000 0.030035
-112.200000 42.000000 0.032289
-112.200000 42.200000 0.034234
-112.200000 42.400000 0.034703
-112.200000 42.600000 0.035551
-112.200000 42.800000 0.034216
-112.200000 43.000000 0.029311
-112.200000 43.200000 0.025058
-112.200000 43.400000 0.018106
-112.200000 43.600000 0.007502
-112.200000 43.800000 0.002125
-112.200000 44.000000 0.009255
-112.200000 44.200000 0.018152
-112.200000 44.400000 0.025533
-112.200000 44.600000 0.030608
-112.200000 44.800000 0.033845
-112.200000 45.000000 0.034582
-112.000000 40.000000 0.032166
-112.000000 40.200000 0.033846
-112.000000 40.400000 0.034026
-112.000000 40.600000 0.033792
-112.000000 40.800000 0.031980
-112.000000 41.000000 0.027085
-112.000000 41.200000 0.025164
-112.000000 41.400000 0.023370
-112.000000 41.600000 0.023141
-112.000000 41.800000 0.025616
-112.000000 42.000000 0.027208
-112.000000 42.200000 0.030573
-112.000000 42.400000 0.033074
-112.000000 42.600000 0.034906
-112.000000 42.800000 0.035736
-112.000000 43.000000 0.033429
-112.000000 43.200000 0.030344
-112.000000 43.400000 0.024429
-112.000000 43.600000 0.016065
-112.000000 43.800000 0.007471
-112.000000 44.000000 0.002120
-112.000000 44.200000 0.010903
-112.000000 44.400000 0.019727
-112.000000 44.600000 0.025200
-112.000000 44.800000 0.030671
-112.000000 45.000000 0.032118
-111.800000 40.000000 0.036001
-111.800000 40.200000 0.037599
-111.800000 40.400000 0.036557
-111.800000 40.600000 0.036011
-111.800000 40.800000 0.034169
-111.800000 41.000000 0.028920
-111.800000 41.200000 0.026301
-111.800000 41.400000 0.024565
-111.800000 41.600000 0.023121
-111.800000 41.800000 0.023724
-111.800000 42.000000 0.025150
-111.800000 42.200000 0.028461
-111.800000 42.400000 0.032040
-111.800000 42.600000 0.035624
-111.800000 42.800000 0.036956
-111.800000 43.000000 0.036966
-111.800000 43.200000 0.036177
-111.800000 43.400000 0.031234
-111.800000 43.600000 0.024002
-111.800000 43.800000 0.017180
-111.800000 44.000000 0.007891
-111.800000 44.200000 0.007484
-111.800000 44.400000 0.014328
-111.800000 44.600000 0.020525
-111.800000 44.800000 0.027287
-111.800000 45.000000 0.029675
-111.600000 40.000000 0.037761
-111.600000 40.200000 0.039020
-111.600000 40.400000 0.037082
-111.600000 40.600000 0.034894
-111.600000 40.800000 0.033149
-111.600000 41.000000 0.028718
-111.600000 41.200000 0.024498
-111.600000 41.400000 0.022188
-111.600000 41.600000 0.021366
-111.600000 41.800000 0.020257
-111.600000 42.000000 0.022582
-111.600000 42.200000 0.026581
-111.600000 42.400000 0.030590
-111.600000 42.600000 0.036167
-111.600000 42.800000 0.039168
-111.600000 43.000000 0.039345
-111.600000 43.200000 0.039915
-111.600000 43.400000 0.036820
-111.600000 43.600000 0.030097
-111.600000 43.800000 0.024045
-111.600000 44.000000 0.016606
-111.600000 44.200000 0.012076
-111.600000 44.400000 0.013962
-111.600000 44.600000 0.018879
-111.600000 44.800000 0.023157
-111.600000 45.000000 0.025114
-111.400000 40.000000 0.039093
-111.400000 40.200000 0.039294
-111.400000 40.400000 0.037529
-111.400000 40.600000 0.034791
-111.400000 40.800000 0.032721
-111.400000 41.000000 0.028926
-111.400000 41.200000 0.024259
-111.400000 41.400000 0.021729
-111.400000 41.600000 0.019550
-111.400000 41.800000 0.019386
-111.400000 42.000000 0.020894
-111.400000 42.200000 0.025376
-111.400000 42.400000 0.031676
-111.400000 42.600000 0.036830
-111.400000 42.800000 0.041286
-111.400000 43.000000 0.042924
-111.400000 43.200000 0.043370
-111.400000 43.400000 0.041498
-111.400000 43.600000 0.036682
-111.400000 43.800000 0.031482
-111.400000 44.000000 0.024408
-111.400000 44.200000 0.017870
-111.400000 44.400000 0.016494
-111.400000 44.600000 0.017809
-111.400000 44.800000 0.021132
-111.400000 45.000000 0.022076
-111.200000 40.000000 0.038307
-111.200000 40.200000 0.038721
-111.200000 40.400000 0.036666
-111.200000 40.600000 0.035158
-111.200000 40.800000 0.033897
-111.200000 41.000000 0.028823
-111.200000 41.200000 0.025310
-111.200000 41.400000 0.023110
-111.200000 41.600000 0.018587
-111.200000 41.800000 0.019630
-111.200000 42.000000 0.022130
-111.200000 42.200000 0.025945
-111.200000 42.400000 0.030886
-111.200000 42.600000 0.037110
-111.200000 42.800000 0.041442
-111.200000 43.000000 0.044066
-111.200000 43.200000 0.045549
-111.200000 43.400000 0.045189
-111.200000 43.600000 0.042064
-111.200000 43.800000 0.036614
-111.200000 44.000000 0.029836
-111.200000 44.200000 0.023678
-111.200000 44.400000 0.019081
-111.200000 44.600000 0.017948
-111.200000 44.800000 0.017977
-111.200000 45.000000 0.018088
-111.000000 40.000000 0.037015
-111.000000 40.200000 0.037824
-111.000000 40.400000 0.036589
-111.000000 40.600000 0.034060
-111.000000 40.800000 0.032993
-111.000000 41.000000 0.028646
-111.000000 41.200000 0.023337
-111.000000 41.400000 0.022052
-111.000000 41.600000 0.017956
-111.000000 41.800000 0.017002
-111.000000 42.000000 0.021227
-111.000000 42.200000 0.024710
-111.000000 42.400000 0.029133
-111.000000 42.600000 0.036354
-111.000000 42.800000 0.040925
-111.000000 43.000000 0.044101
-111.000000 43.200000 0.047506
-111.000000 43.400000 0.046697
-111.000000 43.600000 0.043689
-111.000000 43.800000 0.039707
-111.000000 44.000000 0.033790
-111.000000 44.200000 0.027086
-111.000000 44.400000 0.021683
-111.000000 44.600000 0.018981
-111.000000 44.800000 0.018116
-111.000000 45.000000 0.018496
-110.800000 40.000000 0.036469
-110.800000 40.200000 0.037380
-110.800000 40.400000 0.035182
-110.800000 40.600000 0.032097
-110.800000 40.800000 0.030459
-110.800000 41.000000 0.026455
-110.800000 41.200000 0.021823
-110.800000 41.400000 0.019632
-110.800000 41.600000 0.015038
-110.800000 41.800000 0.015967
-110.800000 42.000000 0.018913
-110.800000 42.200000 0.023996
-110.800000 42.400000 0.029160
-110.800000 42.600000 0.035064
-110.800000 42.800000 0.040798
-110.800000 43.000000 0.043809
-110.800000 43.200000 0.047187
-110.800000 43.400000 0.048366
-110.800000 43.600000 0.044867
-110.800000 43.800000 0.042149
-110.800000 44.000000 0.037955
-110.800000 44.200000 0.029915
-110.800000 44.400000 0.024343
-110.800000 44.600000 0.021532
-110.800000 44.800000 0.019947
-110.800000 45.000000 0.019715
-110.600000 40.000000 0.034562
-110.600000 40.200000 0.035063
-110.600000 40.400000 0.032781
-110.600000 40.600000 0.031194
-110.600000 40.800000 0.029917
-110.600000 41.000000 0.024457
-110.600000 41.200000 0.020723
-110.600000 41.400000 0.017329
-110.600000 41.600000 0.012003
-110.600000 41.800000 0.013915
-110.600000 42.000000 0.018018
-110.600000 42.200000 0.022441
-110.600000 42.400000 0.028779
-110.600000 42.600000 0.034182
-110.600000 42.800000 0.039256
-110.600000 43.000000 0.043078
-110.600000 43.200000 0.047121
-110.600000 43.400000 0.049130
-110.600000 43.600000 0.048174
-110.600000 43.800000 0.044947
-110.600000 44.000000 0.040846
-110.600000 44.200000 0.034724
-110.600000 44.400000 0.029634
-110.600000 44.600000 0.025917
-110.600000 44.800000 0.023200
-110.600000 45.000000 0.022640
-110.400000 40.000000 0.030863
-110.400000 40.200000 0.031031
-110.400000 40.400000 0.030192
-110.400000 40.600000 0.027605
-110.400000 40.800000 0.026817
-110.400000 41.000000 0.023033
-110.400000 41.200000 0.016977
-110.400000 41.400000 0.014134
-110.400000 41.600000 0.009465
-110.400000 41.800000 0.010760
-110.400000 42.000000 0.015875
-110.400000 42.200000 0.020716
-110.400000 42.400000 0.027060
-110.400000 42.600000 0.033842
-110.400000 42.800000 0.038058
-110.400000 43.000000 0.042901
-110.400000 43.200000 0.047707
-110.400000 43.400000 0.049692
-110.400000 43.600000 0.049192
-110.400000 43.800000 0.047002
-110.400000 44.000000 0.043264
-110.400000 44.200000 0.037580
-110.400000 44.400000 0.032767
-110.400000 44.600000 0.029585
-110.400000 44.800000 0.028695
-110.400000 45.000000 0.025917
-110.200000 40.000000 0.026764
-110.200000 40.200000 0.026026
-110.200000 40.400000 0.025115
-110.200000 40.600000 0.024133
-110.200000 40.800000 0.021662
-110.200000 41.000000 0.018105
-110.200000 41.200000 0.012858
-110.200000 41.400000 0.009025
-110.200000 41.600000 0.006084
-110.200000 41.800000 0.010794
-110.200000 42.000000 0.015412
-110.200000 42.200000 0.022163
-110.200000 42.400000 0.027089
-110.200000 42.600000 0.032809
-110.200000 42.800000 0.038920
-110.200000 43.000000 0.041022
-110.200000 43.200000 0.046154
-110.200000 43.400000 0.050964
-110.200000 43.600000 0.048926
-110.200000 43.800000 0.048161
-110.200000 44.000000 0.046196
-110.200000 44.200000 0.037787
-110.200000 44.400000 0.035319
-110.200000 44.600000 0.033503
-110.200000 44.800000 0.030002
-110.200000 45.000000 0.028810
-110.000000 40.000000 0.022204
-110.000000 40.200000 0.022317
-110.000000 40.400000 0.023230
-110.000000 40.600000 0.022170
-110.000000 40.800000 0.018720
-110.000000 41.000000 0.015341
-110.000000 41.200000 0.009904
-110.000000 41.400000 0.004611
-110.000000 41.600000 0.004470
-110.000000 41.800000 0.010434
-110.000000 42.000000 0.018301
-110.000000 42.200000 0.023519
-110.000000 42.400000 0.029882
-110.000000 42.600000 0.035201
-110.000000 42.800000 0.038828
-110.000000 43.000000 0.041470
-110.000000 43.200000 0.045830
-110.000000 43.400000 0.049212
-110.000000 43.600000 0.049017
-110.000000 43.800000 0.047124
-110.000000 44.000000 0.044369
-110.000000 44.200000 0.040101
-110.000000 44.400000 0.037674
-110.000000 44.600000 0.036218
-110.000000 44.800000 0.034482
-110.000000 45.000000 0.033204
-109.800000 40.000000 0.019315
-109.800000 40.200000 0.019028
-109.800000 40.400000 0.020729
-109.800000 40.600000 0.018886
-109.800000 40.800000 0.016481
-109.800000 41.000000 0.011868
-109.800000 41.200000 0.005280
-109.800000 41.400000 0.002521
-109.800000 41.600000 0.004805
-109.800000 41.800000 0.010542
-109.800000 42.000000 0.015911
-109.800000 42.200000 0.023069
-109.800000 42.400000 0.029052
-109.800000 42.600000 0.035156
-109.800000 42.800000 0.038414
-109.800000 43.000000 0.042312
-109.800000 43.200000 0.046029
-109.800000 43.400000 0.048408
-109.800000 43.600000 0.048983
-109.800000 43.800000 0.046513
-109.800000 44.000000 0.043679
-109.800000 44.200000 0.040169
-109.800000 44.400000 0.036989
-109.800000 44.600000 0.036187
-109.800000 44.800000 0.035520
-109.800000 45.000000 0.033296
-109.600000 40.000000 0.018643
-109.600000 40.200000 0.018533
-109.600000 40.400000 0.019399
-109.600000 40.600000 0.017693
-109.600000 40.800000 0.013596
-109.600000 41.000000 0.010694
-109.600000 41.200000 0.006313
-109.600000 41.400000 0.004523
-109.600000 41.600000 0.007551
-109.600000 41.800000 0.010310
-109.600000 42.000000 0.015214
-109.600000 42.200000 0.022784
-109.600000 42.400000 0.027778
-109.600000 42.600000 0.032553
-109.600000 42.800000 0.037322
-109.600000 43.000000 0.039850
-109.600000 43.200000 0.043873
-109.600000 43.400000 0.047941
-109.600000 43.600000 0.046941
-109.600000 43.800000 0.045188
-109.600000 44.000000 0.042798
-109.600000 44.200000 0.036019
-109.600000 44.400000 0.034376
-109.600000 44.600000 0.034031
-109.600000 44.800000 0.031300
-109.600000 45.000000 0.031064
-109.400000 40.000000 0.020469
-109.400000 40.200000 0.020870
-109.400000 40.400000 0.022506
-109.400000 40.600000 0.020375
-109.400000 40.800000 0.017035
-109.400000 41.000000 0.015222
-109.400000 41.200000 0.011418
-109.400000 41.400000 0.011150
-109.400000 41.600000 0.010869
-109.400000 41.800000 0.012344
-109.400000 42.000000 0.017640
-109.400000 42.200000 0.021505
-109.400000 42.400000 0.028401
-109.400000 42.600000 0.032878
-109.400000 42.800000 0.035177
-109.400000 43.000000 0.038052
-109.400000 43.200000 0.041966
-109.400000 43.400000 0.044530
-109.400000 43.600000 0.044970
-109.400000 43.800000 0.042661
-109.400000 44.000000 0.038851
-109.400000 44.200000 0.034818
-109.400000 44.400000 0.031982
-109.400000 44.600000 0.030825
-109.400000 44.800000 0.030727
-109.400000 45.000000 0.030393
-109.200000 40.000000 0.022744
-109.200000 40.200000 0.022248
-109.200000 40.400000 0.022585
-109.200000 40.600000 0.023092
-109.200000 40.800000 0.021921
-109.200000 41.000000 0.019687
-109.200000 41.200000 0.017990
-109.200000 41.400000 0.016876
-109.200000 41.600000 0.016840
-109.200000 41.800000 0.016699
-109.200000 42.000000 0.017481
-109.200000 42.200000 0.021731
-109.200000 42.400000 0.026506
-109.200000 42.600000 0.031140
-109.200000 42.800000 0.032895
-109.200000 43.000000 0.036149
-109.200000 43.200000 0.039056
-109.200000 43.400000 0.041937
-109.200000 43.600000 0.043163
-109.200000 43.800000 0.040240
-109.200000 44.000000 0.036774
-109.200000 44.200000 0.033477
-109.200000 44.400000 0.029038
-109.200000 44.600000 0.028764
-109.200000 44.800000 0.028824
-109.200000 45.000000 0.027380
-109.000000 40.000000 0.024890
-109.000000 40.200000 0.024757
-109.000000 40.400000 0.025500
-109.000000 40.600000 0.025718
-109.000000 40.800000 0.026023
-109.000000 41.000000 0.024880
-109.000000 41.200000 0.023657
-109.000000 41.400000 0.023147
-109.000000 41.600000 0.021713
-109.000000 41.800000 0.019585
-109.000000 42.000000 0.018930
-109.000000 42.200000 0.021175
-109.000000 42.400000 0.024579
-109.000000 42.600000 0.026277
-109.000000 42.800000 0.029740
-109.000000 43.000000 0.034028
-109.000000 43.200000 0.036771
-109.000000 43.400000 0.040384
-109.000000 43.600000 0.042894
-109.000000 43.800000 0.039417
-109.000000 44.000000 0.034269
-109.000000 44.200000 0.029609
-109.000000 44.400000 0.026733
-109.000000 44.600000 0.024553
-109.000000 44.800000 0.022457
-109.000000 45.000000 0.023009
-108.800000 40.000000 0.027653
-108.800000 40.200000 0.027415
-108.800000 40.400000 0.029129
-108.800000 40.600000 0.028697
-108.800000 40.800000 0.028952
-108.800000 41.000000 0.028152
-108.800000 41.200000 0.026529
-108.800000 41.400000 0.024959
-108.800000 41.600000 0.022303
-108.800000 41.800000 0.020085
-108.800000 42.000000 0.018752
-108.800000 42.200000 0.019163
-108.800000 42.400000 0.021122
-108.800000 42.600000 0.024100
-108.800000 42.800000 0.026000
-108.800000 43.000000 0.029978
-108.800000 43.200000 0.032406
-108.800000 43.400000 0.036235
-108.800000 43.600000 0.039674
-108.800000 43.800000 0.034436
-108.800000 44.000000 0.028600
-108.800000 44.200000 0.027273
-108.800000 44.400000 0.022300
-108.800000 44.600000 0.020897
-108.800000 44.800000 0.020699
-108.800000 45.000000 0.019217
-108.600000 40.000000 0.029954
-108.600000 40.200000 0.029387
-108.600000 40.400000 0.031441
-108.600000 40.600000 0.033262
-108.600000 40.800000 0.032213
-108.600000 41.000000 0.031755
-108.600000 41.200000 0.030079
-108.600000 41.400000 0.026024
-108.600000 41.600000 0.023808
-108.600000 41.800000 0.021520
-108.600000 42.000000 0.018502
-108.600000 42.200000 0.018183
-108.600000 42.400000 0.019960
-108.600000 42.600000 0.021697
-108.600000 42.800000 0.023210
-108.600000 43.000000 0.026863
-108.600000 43.200000 0.029543
-108.600000 43.400000 0.032514
-108.600000 43.600000 0.035888
-108.600000 43.800000 0.030606
-108.600000 44.000000 0.025894
-108.600000 44.200000 0.025045
-108.600000 44.400000 0.020659
-108.600000 44.600000 0.019418
-108.600000 44.800000 0.019165
-108.600000 45.000000 0.018136
-108.400000 40.000000 0.033426
-108.400000 40.200000 0.034849
-108.400000 40.400000 0.037210
-108.400000 40.600000 0.038717
-108.400000 40.800000 0.038571
-108.400000 41.000000 0.037545
-108.400000 41.200000 0.035531
-108.400000 41.400000 0.031621
-108.400000 41.600000 0.028380
-108.400000 41.800000 0.026022
-108.400000 42.000000 0.022637
-108.400000 42.200000 0.021244
-108.400000 42.400000 0.022213
-108.400000 42.600000 0.021218
-108.400000 42.800000 0.022693
-108.400000 43.000000 0.027306
-108.400000 43.200000 0.028213
-108.400000 43.400000 0.030904
-108.400000 43.600000 0.034038
-108.400000 43.800000 0.028263
-108.400000 44.000000 0.023015
-108.400000 44.200000 0.022398
-108.400000 44.400000 0.019529
-108.400000 44.600000 0.019076
-108.400000 44.800000 0.018457
-108.400000 45.000000 0.019533
-108.200000 40.000000 0.036114
-108.200000 40.200000 0.035546
-108.200000 40.400000 0.040328
-108.200000 40.600000 0.042636
-108.200000 40.800000 0.042537
-108.200000 41.000000 0.042667
-108.200000 41.200000 0.040854
-108.200000 41.400000 0.036959
-108.200000 41.600000 0.034689
-108.200000 41.800000 0.031746
-108.200000 42.000000 0.027867
-108.200000 42.200000 0.027385
-108.200000 42.400000 0.025258
-108.200000 42.600000 0.023805
-108.200000 42.800000 0.023942
-108.200000 43.000000 0.027412
-108.200000 43.200000 0.026755
-108.200000 43.400000 0.028829
-108.200000 43.600000 0.032838
-108.200000 43.800000 0.025192
-108.200000 44.000000 0.019618
-108.200000 44.200000 0.019202
-108.200000 44.400000 0.014249
-108.200000 44.600000 0.014126
-108.200000 44.800000 0.014357
-108.200000 45.000000 0.013908
-108.000000 40.000000 0.036834
-108.000000 40.200000 0.039756
-108.000000 40.400000 0.043523
-108.000000 40.600000 0.047302
-108.000000 40.800000 0.047606
-108.000000 41.000000 0.048087
-108.000000 41.200000 0.047644
-108.000000 41.400000 0.044391
-108.000000 41.600000 0.041708
-108.000000 41.800000 0.040053
-108.000000 42.000000 0.036891
-108.000000 42.200000 0.035137
-108.000000 42.400000 0.032373
-108.000000 42.600000 0.029399
-108.000000 42.800000 0.027982
-108.000000 43.000000 0.028289
-108.000000 43.200000 0.028056
-108.000000 43.400000 0.029109
-108.000000 43.600000 0.030603
-108.000000 43.800000 0.024307
-108.000000 44.000000 0.018307
-108.000000 44.200000 0.016194
-108.000000 44.400000 0.012476
-108.000000 44.600000 0.012119
-108.000000 44.800000 0.011987
-108.000000 45.000000 0.012069
-107.800000 40.000000 0.039558
-107.800000 40.200000 0.043653
-107.800000 40.400000 0.047991
-107.800000 40.600000 0.051237
-107.800000 40.800000 0.053271
-107.800000 41.000000 0.053333
-107.800000 41.200000 0.052202
-107.800000 41.400000 0.049997
-107.800000 41.600000 0.047304
-107.800000 41.800000 0.045215
-107.800000 42.000000 0.042279
-107.800000 42.200000 0.041186
-107.800000 42.400000 0.038967
-107.800000 42.600000 0.034327
-107.800000 42.800000 0.033031
-107.800000 43.000000 0.031670
-107.800000 43.200000 0.029085
-107.800000 43.400000 0.029940
-107.800000 43.600000 0.027946
-107.800000 43.800000 0.022230
-107.800000 44.000000 0.017369
-107.800000 44.200000 0.014316
-107.800000 44.400000 0.011703
-107.800000 44.600000 0.011360
-107.800000 44.800000 0.011298
-107.800000 45.000000 0.011893
-107.600000 40.000000 0.040444
-107.600000 40.200000 0.043847
-107.600000 40.400000 0.050297
-107.600000 40.600000 0.053962
-107.600000 40.800000 0.055105
-107.600000 41.000000 0.055299
-107.600000 41.200000 0.053720
-107.600000 41.400000 0.052075
-107.600000 41.600000 0.050082
-107.600000 41.800000 0.048022
-107.600000 42.000000 0.045963
-107.600000 42.200000 0.045633
-107.600000 42.400000 0.040277
-107.600000 42.600000 0.036245
-107.600000 42.800000 0.035306
-107.600000 43.000000 0.032153
-107.600000 43.200000 0.029519
-107.600000 43.400000 0.028470
-107.600000 43.600000 0.026950
-107.600000 43.800000 0.020231
-107.600000 44.000000 0.014928
-107.600000 44.200000 0.012825
-107.600000 44.400000 0.009951
-107.600000 44.600000 0.009594
-107.600000 44.800000 0.010237
-107.600000 45.000000 0.008261
-107.400000 40.000000 0.038824
-107.400000 40.200000 0.042839
-107.400000 40.400000 0.048748
-107.400000 40.600000 0.052980
-107.400000 40.800000 0.055030
-107.400000 41.000000 0.054200
-107.400000 41.200000 0.052856
-107.400000 41.400000 0.052089
-107.400000 41.600000 0.051045
-107.400000 41.800000 0.049900
-107.400000 42.000000 0.049781
-107.400000 42.200000 0.047899
-107.400000 42.400000 0.042335
-107.400000 42.600000 0.038453
-107.400000 42.800000 0.036678
-107.400000 43.000000 0.032916
-107.400000 43.200000 0.029558
-107.400000 43.400000 0.027819
-107.400000 43.600000 0.025162
-107.400000 43.800000 0.018043
-107.400000 44.000000 0.011928
-107.400000 44.200000 0.009981
-107.400000 44.400000 0.009956
-107.400000 44.600000 0.011089
-107.400000 44.800000 0.011109
-107.400000 45.000000 0.009490
-107.200000 40.000000 0.034478
-107.200000 40.200000 0.039139
-107.200000 40.400000 0.044955
-107.200000 40.600000 0.048239
-107.200000 40.800000 0.050156
-107.200000 41.000000 0.050351
-107.200000 41.200000 0.049158
-107.200000 41.400000 0.047975
-107.200000 41.600000 0.047161
-107.200000 41.800000 0.046385
-107.200000 42.000000 0.044661
-107.200000 42.200000 0.044654
-107.200000 42.400000 0.040385
-107.200000 42.600000 0.036015
-107.200000 42.800000 0.036515
-107.200000 43.000000 0.031997
-107.200000 43.200000 0.027008
-107.200000 43.400000 0.027407
-107.200000 43.600000 0.021415
-107.200000 43.800000 0.014987
-107.200000 44.000000 0.010139
-107.200000 44.200000 0.006793
-107.200000 44.400000 0.009240
-107.200000 44.600000 0.010871
-107.200000 44.800000 0.012318
-107.200000 45.000000 0.010454
-107.000000 40.000000 0.029815
-107.000000 40.200000 0.033390
-107.000000 40.400000 0.040278
-107.000000 40.600000 0.042669
-107.000000 40.800000 0.043262
-107.000000 41.000000 0.046280
-107.000000 41.200000 0.045715
-107.000000 41.400000 0.044165
-107.000000 41.600000 0.044791
-107.000000 41.800000 0.043354
-107.000000 42.000000 0.041058
-107.000000 42.200000 0.041375
-107.000000 42.400000 0.037511
-107.000000 42.600000 0.033298
-107.000000 42.800000 0.031749
-107.000000 43.000000 0.027746
-107.000000 43.200000 0.023104
-107.000000 43.400000 0.020169
-107.000000 43.600000 0.016695
-107.000000 43.800000 0.012315
-107.000000 44.000000 0.006894
-107.000000 44.200000 0.004036
-107.000000 44.400000 0.007591
-107.000000 44.600000 0.010073
-107.000000 44.800000 0.010526
-107.000000 45.000000 0.008012
