-113.000000 40.000000 0.012444
-113.000000 40.200000 0.015306
-113.000000 40.400000 0.013154
-113.000000 40.600000 0.011875
-113.000000 40.800000 0.015075
-113.000000 41.000000 0.012008
-113.000000 41.200000 0.012258
-113.000000 41.400000 0.014035
-113.000000 41.600000 0.014767
-113.000000 41.800000 0.016647
-113.000000 42.000000 0.017152
-113.000000 42.200000 0.017749
-113.000000 42.400000 0.017973
-113.000000 42.600000 0.016451
-113.000000 42.800000 0.014282
-113.000000 43.000000 0.010121
-113.000000 43.200000 0.004403
-113.000000 43.400000 0.007260
-113.000000 43.600000 0.014367
-113.000000 43.800000 0.018603
-113.000000 44.000000 0.025403
-113.000000 44.200000 0.030043
-113.000000 44.400000 0.031655
-113.000000 44.600000 0.032896
-113.000000 44.800000 0.031564
-113.000000 45.000000 0.028429
-112.800000 40.000000 0.017766
-112.800000 40.200000 0.018089
-112.800000 40.400000 0.018233
-112.800000 40.600000 0.018066
-112.800000 40.800000 0.018581
-112.800000 41.000000 0.017728
-112.800000 41.200000 0.017521
-112.800000 41.400000 0.018630
-112.800000 41.600000 0.019250
-112.800000 41.800000 0.020114
-112.800000 42.000000 0.020498
-112.800000 42.200000 0.021736
-112.800000 42.400000 0.021642
-112.800000 42.600000 0.019691
-112.800000 42.800000 0.018547
-112.800000 43.000000 0.014074
-112.800000 43.200000 0.007718
-112.800000 43.400000 0.004774
-112.800000 43.600000 0.009612
-112.800000 43.800000 0.015740
-112.800000 44.000000 0.021787
-112.800000 44.200000 0.026904
-112.800000 44.400000 0.030738
-112.800000 44.600000 0.032270
-112.800000 44.800000 0.032700
-112.800000 45.000000 0.030959
-112.600000 40.000000 0.019849
-112.600000 40.200000 0.021952
-112.600000 40.400000 0.021545
-112.600000 40.600000 0.020883
-112.600000 40.800000 0.021736
-112.600000 41.000000 0.020553
-112.600000 41.200000 0.020227
-112.600000 41.400000 0.020776
-112.600000 41.600000 0.021234
-112.600000 41.800000 0.021537
-112.600000 42.000000 0.022864
-112.600000 42.200000 0.023799
-112.600000 42.400000 0.023748
-112.600000 42.600000 0.023281
-112.600000 42.800000 0.021419
-112.600000 43.000000 0.018126
-112.600000 43.200000 0.013268
-112.600000 43.400000 0.004606
-112.600000 43.600000 0.003027
-112.600000 43.800000 0.010044
-112.600000 44.000000 0.017828
-112.600000 44.200000 0.024085
-112.600000 44.400000 0.028622
-112.600000 44.600000 0.032488
-112.600000 44.800000 0.033126
-112.600000 45.000000 0.032578
-112.400000 40.000000 0.022085
-112.400000 40.200000 0.024747
-112.400000 40.400000 0.025073
-112.400000 40.600000 0.022557
-112.400000 40.800000 0.026290
-112.400000 41.000000 0.023224
-112.400000 41.200000 0.022302
-112.400000 41.400000 0.023991
-112.400000 41.600000 0.023506
-112.400000 41.800000 0.024375
-112.400000 42.000000 0.025438
-112.400000 42.200000 0.026232
-112.400000 42.400000 0.025827
-112.400000 42.600000 0.025938
-112.400000 42.800000 0.025943
-112.400000 43.000000 0.022511
-112.400000 43.200000 0.018276
-112.400000 43.400000 0.011795
-112.400000 43.600000 0.003190
-112.400000 43.800000 0.007115
-112.400000 44.000000 0.013693
-112.400000 44.200000 0.021941
-112.400000 44.400000 0.026767
-112.400000 44.600000 0.031400
-112.400000 44.800000 0.033597
-112.400000 45.000000 0.033560
-112.200000 40.000000 0.027085
-112.200000 40.200000 0.027745
-112.200000 40.400000 0.027541
-112.200000 40.600000 0.027925
-112.200000 40.800000 0.028762
-112.200000 41.000000 0.026203
-112.200000 41.200000 0.025889
-112.200000 41.400000 0.026945
-112.200000 41.600000 0.026339
-112.200000 41.800000 0.027680
-112.200000 42.000000 0.028642
-112.200000 42.200000 0.028985
-112.200000 42.400000 0.029381
-112.200000 42.600000 0.029661
-112.200000 42.800000 0.028880
-112.200000 43.000000 0.026781
-112.200000 43.200000 0.023072
-112.200000 43.400000 0.016417
-112.200000 43.600000 0.007705
-112.200000 43.800000 0.005974
-112.200000 44.000000 0.011247
-112.200000 44.200000 0.018530
-112.200000 44.400000 0.024084
-112.200000 44.600000 0.028604
-112.200000 44.800000 0.032591
-112.200000 45.000000 0.033347
-112.000000 40.000000 0.029841
-112.000000 40.200000 0.029880
-112.000000 40.400000 0.030023
-112.000000 40.600000 0.029550
-112.000000 40.800000 0.028145
-112.000000 41.000000 0.027172
-112.000000 41.200000 0.025786
-112.000000 41.400000 0.025218
-112.000000 41.600000 0.026286
-112.000000 41.800000 0.026520
-112.000000 42.000000 0.027942
-112.000000 42.200000 0.030180
-112.000000 42.400000 0.031188
-112.000000 42.600000 0.032658
-112.000000 42.800000 0.034056
-112.000000 43.000000 0.032871
-112.000000 43.200000 0.028274
-112.000000 43.400000 0.022726
-112.000000 43.600000 0.015531
-112.000000 43.800000 0.009945
-112.000000 44.000000 0.010407
-112.000000 44.200000 0.015826
-112.000000 44.400000 0.021035
-112.000000 44.600000 0.026223
-112.000000 44.800000 0.029453
-112.000000 45.000000 0.031842
-111.800000 40.000000 0.031502
-111.800000 40.200000 0.031403
-111.800000 40.400000 0.031930
-111.800000 40.600000 0.030224
-111.800000 40.800000 0.030971
-111.800000 41.000000 0.029241
-111.800000 41.200000 0.026435
-111.800000 41.400000 0.027626
-111.800000 41.600000 0.027589
-111.800000 41.800000 0.027007
-111.800000 42.000000 0.029226
-111.800000 42.200000 0.032223
-111.800000 42.400000 0.032912
-111.800000 42.600000 0.036063
-111.800000 42.800000 0.038179
-111.800000 43.000000 0.036633
-111.800000 43.200000 0.033886
-111.800000 43.400000 0.028195
-111.800000 43.600000 0.019793
-111.800000 43.800000 0.012779
-111.800000 44.000000 0.006621
-111.800000 44.200000 0.010952
-111.800000 44.400000 0.016125
-111.800000 44.600000 0.021976
-111.800000 44.800000 0.026888
-111.800000 45.000000 0.028716
-111.600000 40.000000 0.034235
-111.600000 40.200000 0.033457
-111.600000 40.400000 0.033690
-111.600000 40.600000 0.034080
-111.600000 40.800000 0.033205
-111.600000 41.000000 0.030420
-111.600000 41.200000 0.029391
-111.600000 41.400000 0.029858
-111.600000 41.600000 0.028337
-111.600000 41.800000 0.028495
-111.600000 42.000000 0.030699
-111.600000 42.200000 0.032609
-111.600000 42.400000 0.035321
-111.600000 42.600000 0.038210
-111.600000 42.800000 0.039962
-111.600000 43.000000 0.039514
-111.600000 43.200000 0.035851
-111.600000 43.400000 0.030689
-111.600000 43.600000 0.022796
-111.600000 43.800000 0.014878
-111.600000 44.000000 0.006339
-111.600000 44.200000 0.005398
-111.600000 44.400000 0.010748
-111.600000 44.600000 0.016918
-111.600000 44.800000 0.022332
-111.600000 45.000000 0.025398
-111.400000 40.000000 0.035068
-111.400000 40.200000 0.035338
-111.400000 40.400000 0.036946
-111.400000 40.600000 0.034345
-111.400000 40.800000 0.034034
-111.400000 41.000000 0.033371
-111.400000 41.200000 0.029558
-111.400000 41.400000 0.029831
-111.400000 41.600000 0.028540
-111.400000 41.800000 0.027124
-111.400000 42.000000 0.029969
-111.400000 42.200000 0.032797
-111.400000 42.400000 0.036417
-111.400000 42.600000 0.039923
-111.400000 42.800000 0.042176
-111.400000 43.000000 0.042111
-111.400000 43.200000 0.037718
-111.400000 43.400000 0.032637
-111.400000 43.600000 0.026361
-111.400000 43.800000 0.017972
-111.400000 44.000000 0.009479
-111.400000 44.200000 0.002037
-111.400000 44.400000 0.007567
-111.400000 44.600000 0.014397
-111.400000 44.800000 0.019751
-111.400000 45.000000 0.022525
-111.200000 40.000000 0.036715
-111.200000 40.200000 0.038031
-111.200000 40.400000 0.037727
-111.200000 40.600000 0.036379
-111.200000 40.800000 0.036560
-111.200000 41.000000 0.034243
-111.200000 41.200000 0.030391
-111.200000 41.400000 0.029166
-111.200000 41.600000 0.028051
-111.200000 41.800000 0.025751
-111.200000 42.000000 0.028855
-111.200000 42.200000 0.033745
-111.200000 42.400000 0.036243
-111.200000 42.600000 0.040680
-111.200000 42.800000 0.043490
-111.200000 43.000000 0.042005
-111.200000 43.200000 0.039099
-111.200000 43.400000 0.034248
-111.200000 43.600000 0.027864
-111.200000 43.800000 0.020699
-111.200000 44.000000 0.011586
-111.200000 44.200000 0.001524
-111.200000 44.400000 0.005751
-111.200000 44.600000 0.013353
-111.200000 44.800000 0.019577
-111.200000 45.000000 0.021137
-111.000000 40.000000 0.041132
-111.000000 40.200000 0.038755
-111.000000 40.400000 0.038401
-111.000000 40.600000 0.037627
-111.000000 40.800000 0.035765
-111.000000 41.000000 0.032973
-111.000000 41.200000 0.030071
-111.000000 41.400000 0.027544
-111.000000 41.600000 0.025270
-111.000000 41.800000 0.024594
-111.000000 42.000000 0.028283
-111.000000 42.200000 0.032006
-111.000000 42.400000 0.036158
-111.000000 42.600000 0.040292
-111.000000 42.800000 0.042085
-111.000000 43.000000 0.041989
-111.000000 43.200000 0.038403
-111.000000 43.400000 0.034255
-111.000000 43.600000 0.027839
-111.000000 43.800000 0.021224
-111.000000 44.000000 0.013449
-111.000000 44.200000 0.005538
-111.000000 44.400000 0.007144
-111.000000 44.600000 0.013002
-111.000000 44.800000 0.018818
-111.000000 45.000000 0.022380
-110.800000 40.000000 0.041285
-110.800000 40.200000 0.039544
-110.800000 40.400000 0.038081
-110.800000 40.600000 0.034886
-110.800000 40.800000 0.032864
-110.800000 41.000000 0.031671
-110.800000 41.200000 0.025941
-110.800000 41.400000 0.024385
-110.800000 41.600000 0.020982
-110.800000 41.800000 0.020437
-110.800000 42.000000 0.025635
-110.800000 42.200000 0.030788
-110.800000 42.400000 0.035922
-110.800000 42.600000 0.041135
-110.800000 42.800000 0.043560
-110.800000 43.000000 0.042954
-110.800000 43.200000 0.039676
-110.800000 43.400000 0.035394
-110.800000 43.600000 0.029559
-110.800000 43.800000 0.022702
-110.800000 44.000000 0.015414
-110.800000 44.200000 0.009248
-110.800000 44.400000 0.011430
-110.800000 44.600000 0.016412
-110.800000 44.800000 0.020939
-110.800000 45.000000 0.026522
-110.600000 40.000000 0.037163
-110.600000 40.200000 0.036411
-110.600000 40.400000 0.035644
-110.600000 40.600000 0.033331
-110.600000 40.800000 0.032243
-110.600000 41.000000 0.028699
-110.600000 41.200000 0.023996
-110.600000 41.400000 0.018474
-110.600000 41.600000 0.016429
-110.600000 41.800000 0.015620
-110.600000 42.000000 0.021579
-110.600000 42.200000 0.028487
-110.600000 42.400000 0.035116
-110.600000 42.600000 0.040198
-110.600000 42.800000 0.041984
-110.600000 43.000000 0.041984
-110.600000 43.200000 0.039744
-110.600000 43.400000 0.034422
-110.600000 43.600000 0.029804
-110.600000 43.800000 0.024126
-110.600000 44.000000 0.016790
-110.600000 44.200000 0.013708
-110.600000 44.400000 0.016344
-110.600000 44.600000 0.020692
-110.600000 44.800000 0.026359
-110.600000 45.000000 0.029184
-110.400000 40.000000 0.034435
-110.400000 40.200000 0.031349
-110.400000 40.400000 0.030172
-110.400000 40.600000 0.029028
-110.400000 40.800000 0.027225
-110.400000 41.000000 0.023473
-110.400000 41.200000 0.019685
-110.400000 41.400000 0.013265
-110.400000 41.600000 0.009836
-110.400000 41.800000 0.010467
-110.400000 42.000000 0.017961
-110.400000 42.200000 0.024820
-110.400000 42.400000 0.032486
-110.400000 42.600000 0.035900
-110.400000 42.800000 0.040079
-110.400000 43.000000 0.040741
-110.400000 43.200000 0.036691
-110.400000 43.400000 0.035428
-110.400000 43.600000 0.030257
-110.400000 43.800000 0.026373
-110.400000 44.000000 0.022075
-110.400000 44.200000 0.021356
-110.400000 44.400000 0.023716
-110.400000 44.600000 0.027883
-110.400000 44.800000 0.033505
-110.400000 45.000000 0.035527
-110.200000 40.000000 0.030900
-110.200000 40.200000 0.028293
-110.200000 40.400000 0.029221
-110.200000 40.600000 0.026332
-110.200000 40.800000 0.023560
-110.200000 41.000000 0.022547
-110.200000 41.200000 0.016181
-110.200000 41.400000 0.012371
-110.200000 41.600000 0.004726
-110.200000 41.800000 0.007864
-110.200000 42.000000 0.014920
-110.200000 42.200000 0.024123
-110.200000 42.400000 0.031140
-110.200000 42.600000 0.035927
-110.200000 42.800000 0.039585
-110.200000 43.000000 0.039167
-110.200000 43.200000 0.036966
-110.200000 43.400000 0.034910
-110.200000 43.600000 0.031430
-110.200000 43.800000 0.028060
-110.200000 44.000000 0.026161
-110.200000 44.200000 0.024374
-110.200000 44.400000 0.028142
-110.200000 44.600000 0.032878
-110.200000 44.800000 0.035284
-110.200000 45.000000 0.038318
-110.000000 40.000000 0.024220
-110.000000 40.200000 0.024590
-110.000000 40.400000 0.024857
-110.000000 40.600000 0.023890
-110.000000 40.800000 0.022183
-110.000000 41.000000 0.019690
-110.000000 41.200000 0.016169
-110.000000 41.400000 0.010503
-110.000000 41.600000 0.002638
-110.000000 41.800000 0.005513
-110.000000 42.000000 0.013347
-110.000000 42.200000 0.021346
-110.000000 42.400000 0.028143
-110.000000 42.600000 0.033984
-110.000000 42.800000 0.037160
-110.000000 43.000000 0.037003
-110.000000 43.200000 0.036335
-110.000000 43.400000 0.034213
-110.000000 43.600000 0.031190
-110.000000 43.800000 0.028941
-110.000000 44.000000 0.026124
-110.000000 44.200000 0.027572
-110.000000 44.400000 0.031920
-110.000000 44.600000 0.034283
-110.000000 44.800000 0.038583
-110.000000 45.000000 0.040394
-109.800000 40.000000 0.020962
-109.800000 40.200000 0.021449
-109.800000 40.400000 0.021046
-109.800000 40.600000 0.021162
-109.800000 40.800000 0.019969
-109.800000 41.000000 0.018197
-109.800000 41.200000 0.016334
-109.800000 41.400000 0.010441
-109.800000 41.600000 0.006311
-109.800000 41.800000 0.003786
-109.800000 42.000000 0.010793
-109.800000 42.200000 0.017189
-109.800000 42.400000 0.023646
-109.800000 42.600000 0.030645
-109.800000 42.800000 0.035237
-109.800000 43.000000 0.036083
-109.800000 43.200000 0.037098
-109.800000 43.400000 0.035769
-109.800000 43.600000 0.032331
-109.800000 43.800000 0.033622
-109.800000 44.000000 0.030154
-109.800000 44.200000 0.031914
-109.800000 44.400000 0.036109
-109.800000 44.600000 0.037857
-109.800000 44.800000 0.041938
-109.800000 45.000000 0.042958
-109.600000 40.000000 0.019747
-109.600000 40.200000 0.020533
-109.600000 40.400000 0.021960
-109.600000 40.600000 0.021219
-109.600000 40.800000 0.020643
-109.600000 41.000000 0.020706
-109.600000 41.200000 0.017549
-109.600000 41.400000 0.014056
-109.600000 41.600000 0.010705
-109.600000 41.800000 0.006962
-109.600000 42.000000 0.008183
-109.600000 42.200000 0.016470
-109.600000 42.400000 0.024241
-109.600000 42.600000 0.030223
-109.600000 42.800000 0.033236
-109.600000 43.000000 0.035352
-109.600000 43.200000 0.037862
-109.600000 43.400000 0.038002
-109.600000 43.600000 0.036017
-109.600000 43.800000 0.034519
-109.600000 44.000000 0.034247
-109.600000 44.200000 0.033181
-109.600000 44.400000 0.036471
-109.600000 44.600000 0.039112
-109.600000 44.800000 0.040482
-109.600000 45.000000 0.042002
-109.400000 40.000000 0.020373
-109.400000 40.200000 0.021638
-109.400000 40.400000 0.024181
-109.400000 40.600000 0.024873
-109.400000 40.800000 0.023733
-109.400000 41.000000 0.022973
-109.400000 41.200000 0.021766
-109.400000 41.400000 0.018179
-109.400000 41.600000 0.014182
-109.400000 41.800000 0.011539
-109.400000 42.000000 0.010896
-109.400000 42.200000 0.016378
-109.400000 42.400000 0.023403
-109.400000 42.600000 0.028581
-109.400000 42.800000 0.033139
-109.400000 43.000000 0.035844
-109.400000 43.200000 0.037515
-109.400000 43.400000 0.039453
-109.400000 43.600000 0.038749
-109.400000 43.800000 0.036708
-109.400000 44.000000 0.035372
-109.400000 44.200000 0.035670
-109.400000 44.400000 0.038503
-109.400000 44.600000 0.039138
-109.400000 44.800000 0.041135
-109.400000 45.000000 0.042774
-109.200000 40.000000 0.023586
-109.200000 40.200000 0.025556
-109.200000 40.400000 0.027454
-109.200000 40.600000 0.029129
-109.200000 40.800000 0.029034
-109.200000 41.000000 0.027781
-109.200000 41.200000 0.026956
-109.200000 41.400000 0.023188
-109.200000 41.600000 0.019870
-109.200000 41.800000 0.017216
-109.200000 42.000000 0.013516
-109.200000 42.200000 0.014767
-109.200000 42.400000 0.018337
-109.200000 42.600000 0.024471
-109.200000 42.800000 0.030058
-109.200000 43.000000 0.033601
-109.200000 43.200000 0.038283
-109.200000 43.400000 0.039506
-109.200000 43.600000 0.039067
-109.200000 43.800000 0.038776
-109.200000 44.000000 0.037564
-109.200000 44.200000 0.037171
-109.200000 44.400000 0.039345
-109.200000 44.600000 0.039976
-109.200000 44.800000 0.040890
-109.200000 45.000000 0.041086
-109.000000 40.000000 0.027698
-109.000000 40.200000 0.029552
-109.000000 40.400000 0.031703
-109.000000 40.600000 0.032500
-109.000000 40.800000 0.032905
-109.000000 41.000000 0.032545
-109.000000 41.200000 0.029682
-109.000000 41.400000 0.027018
-109.000000 41.600000 0.024134
-109.000000 41.800000 0.019485
-109.000000 42.000000 0.014949
-109.000000 42.200000 0.014398
-109.000000 42.400000 0.016991
-109.000000 42.600000 0.021562
-109.000000 42.800000 0.026712
-109.000000 43.000000 0.031442
-109.000000 43.200000 0.036525
-109.000000 43.400000 0.039017
-109.000000 43.600000 0.040300
-109.000000 43.800000 0.038966
-109.000000 44.000000 0.037513
-109.000000 44.200000 0.036188
-109.000000 44.400000 0.036981
-109.000000 44.600000 0.037930
-109.000000 44.800000 0.035462
-109.000000 45.000000 0.035944
-108.800000 40.000000 0.031952
-108.800000 40.200000 0.032621
-108.800000 40.400000 0.035052
-108.800000 40.600000 0.035981
-108.800000 40.800000 0.035251
-108.800000 41.000000 0.034448
-108.800000 41.200000 0.032174
-108.800000 41.400000 0.027981
-108.800000 41.600000 0.024355
-108.800000 41.800000 0.020417
-108.800000 42.000000 0.014168
-108.800000 42.200000 0.013222
-108.800000 42.400000 0.013807
-108.800000 42.600000 0.017547
-108.800000 42.800000 0.023637
-108.800000 43.000000 0.029118
-108.800000 43.200000 0.032417
-108.800000 43.400000 0.037507
-108.800000 43.600000 0.039316
-108.800000 43.800000 0.036938
-108.800000 44.000000 0.035150
-108.800000 44.200000 0.033746
-108.800000 44.400000 0.033473
-108.800000 44.600000 0.031828
-108.800000 44.800000 0.031476
-108.800000 45.000000 0.031542
-108.600000 40.000000 0.035362
-108.600000 40.200000 0.037193
-108.600000 40.400000 0.038774
-108.600000 40.600000 0.039652
-108.600000 40.800000 0.038763
-108.600000 41.000000 0.036189
-108.600000 41.200000 0.033447
-108.600000 41.400000 0.028043
-108.600000 41.600000 0.023635
-108.600000 41.800000 0.020035
-108.600000 42.000000 0.013490
-108.600000 42.200000 0.011662
-108.600000 42.400000 0.010874
-108.600000 42.600000 0.015280
-108.600000 42.800000 0.020830
-108.600000 43.000000 0.023770
-108.600000 43.200000 0.029160
-108.600000 43.400000 0.033437
-108.600000 43.600000 0.034730
-108.600000 43.800000 0.032674
-108.600000 44.000000 0.029455
-108.600000 44.200000 0.029255
-108.600000 44.400000 0.029031
-108.600000 44.600000 0.026908
-108.600000 44.800000 0.026836
-108.600000 45.000000 0.027449
-108.400000 40.000000 0.040175
-108.400000 40.200000 0.041648
-108.400000 40.400000 0.043520
-108.400000 40.600000 0.043909
-108.400000 40.800000 0.042250
-108.400000 41.000000 0.040218
-108.400000 41.200000 0.035631
-108.400000 41.400000 0.029806
-108.400000 41.600000 0.026105
-108.400000 41.800000 0.020708
-108.400000 42.000000 0.014234
-108.400000 42.200000 0.012124
-108.400000 42.400000 0.011197
-108.400000 42.600000 0.013091
-108.400000 42.800000 0.017508
-108.400000 43.000000 0.020197
-108.400000 43.200000 0.023832
-108.400000 43.400000 0.029250
-108.400000 43.600000 0.031232
-108.400000 43.800000 0.027532
-108.400000 44.000000 0.025126
-108.400000 44.200000 0.026203
-108.400000 44.400000 0.024523
-108.400000 44.600000 0.024414
-108.400000 44.800000 0.023022
-108.400000 45.000000 0.022711
-108.200000 40.000000 0.043756
-108.200000 40.200000 0.045270
-108.200000 40.400000 0.047574
-108.200000 40.600000 0.047513
-108.200000 40.800000 0.045873
-108.200000 41.000000 0.043644
-108.200000 41.200000 0.038860
-108.200000 41.400000 0.032757
-108.200000 41.600000 0.029156
-108.200000 41.800000 0.023954
-108.200000 42.000000 0.016931
-108.200000 42.200000 0.015659
-108.200000 42.400000 0.013547
-108.200000 42.600000 0.012655
-108.200000 42.800000 0.014493
-108.200000 43.000000 0.017329
-108.200000 43.200000 0.020191
-108.200000 43.400000 0.026379
-108.200000 43.600000 0.027755
-108.200000 43.800000 0.024827
-108.200000 44.000000 0.023861
-108.200000 44.200000 0.021561
-108.200000 44.400000 0.019768
-108.200000 44.600000 0.019306
-108.200000 44.800000 0.017732
-108.200000 45.000000 0.016346
-108.000000 40.000000 0.045877
-108.000000 40.200000 0.048282
-108.000000 40.400000 0.049656
-108.000000 40.600000 0.050745
-108.000000 40.800000 0.049619
-108.000000 41.000000 0.046550
-108.000000 41.200000 0.043151
-108.000000 41.400000 0.037954
-108.000000 41.600000 0.033152
-108.000000 41.800000 0.029125
-108.000000 42.000000 0.023115
-108.000000 42.200000 0.021716
-108.000000 42.400000 0.017012
-108.000000 42.600000 0.013015
-108.000000 42.800000 0.013008
-108.000000 43.000000 0.014042
-108.000000 43.200000 0.015122
-108.000000 43.400000 0.021183
-108.000000 43.600000 0.023834
-108.000000 43.800000 0.019942
-108.000000 44.000000 0.020204
-108.000000 44.200000 0.019906
-108.000000 44.400000 0.016052
-108.000000 44.600000 0.015961
-108.000000 44.800000 0.014669
-108.000000 45.000000 0.012221
-107.800000 40.000000 0.046784
-107.800000 40.200000 0.049329
-107.800000 40.400000 0.051059
-107.800000 40.600000 0.052236
-107.800000 40.800000 0.051547
-107.800000 41.000000 0.049971
-107.800000 41.200000 0.046860
-107.800000 41.400000 0.041865
-107.800000 41.600000 0.038351
-107.800000 41.800000 0.032999
-107.800000 42.000000 0.026966
-107.800000 42.200000 0.025824
-107.800000 42.400000 0.021290
-107.800000 42.600000 0.015394
-107.800000 42.800000 0.014618
-107.800000 43.000000 0.011106
-107.800000 43.200000 0.011492
-107.800000 43.400000 0.016457
-107.800000 43.600000 0.017319
-107.800000 43.800000 0.017686
-107.800000 44.000000 0.016757
-107.800000 44.200000 0.016948
-107.800000 44.400000 0.016942
-107.800000 44.600000 0.015789
-107.800000 44.800000 0.014390
-107.800000 45.000000 0.011141
-107.600000 40.000000 0.046387
-107.600000 40.200000 0.048810
-107.600000 40.400000 0.052055
-107.600000 40.600000 0.053273
-107.600000 40.800000 0.052845
-107.600000 41.000000 0.052007
-107.600000 41.200000 0.048944
-107.600000 41.400000 0.044693
-107.600000 41.600000 0.041544
-107.600000 41.800000 0.035847
-107.600000 42.000000 0.029448
-107.600000 42.200000 0.028737
-107.600000 42.400000 0.022102
-107.600000 42.600000 0.015860
-107.600000 42.800000 0.014286
-107.600000 43.000000 0.010433
-107.600000 43.200000 0.009494
-107.600000 43.400000 0.013190
-107.600000 43.600000 0.014216
-107.600000 43.800000 0.014229
-107.600000 44.000000 0.013684
-107.600000 44.200000 0.013272
-107.600000 44.400000 0.013319
-107.600000 44.600000 0.013464
-107.600000 44.800000 0.012645
-107.600000 45.000000 0.008916
-107.400000 40.000000 0.044363
-107.400000 40.200000 0.047144
-107.400000 40.400000 0.048727
-107.400000 40.600000 0.051294
-107.400000 40.800000 0.052571
-107.400000 41.000000 0.050710
-107.400000 41.200000 0.048865
-107.400000 41.400000 0.046213
-107.400000 41.600000 0.042186
-107.400000 41.800000 0.038031
-107.400000 42.000000 0.032514
-107.400000 42.200000 0.030457
-107.400000 42.400000 0.024623
-107.400000 42.600000 0.018284
-107.400000 42.800000 0.015811
-107.400000 43.000000 0.011585
-107.400000 43.200000 0.007710
-107.400000 43.400000 0.009907
-107.400000 43.600000 0.010907
-107.400000 43.800000 0.009326
-107.400000 44.000000 0.009299
-107.400000 44.200000 0.009847
-107.400000 44.400000 0.009540
-107.400000 44.600000 0.009728
-107.400000 44.800000 0.009893
-107.400000 45.000000 0.005774
-107.200000 40.000000 0.038698
-107.200000 40.200000 0.042744
-107.200000 40.400000 0.045316
-107.200000 40.600000 0.047552
-107.200000 40.800000 0.048492
-107.200000 41.000000 0.047544
-107.200000 41.200000 0.045850
-107.200000 41.400000 0.042700
-107.200000 41.600000 0.040190
-107.200000 41.800000 0.035242
-107.200000 42.000000 0.029618
-107.200000 42.200000 0.030150
-107.200000 42.400000 0.023714
-107.200000 42.600000 0.018213
-107.200000 42.800000 0.018544
-107.200000 43.000000 0.012885
-107.200000 43.200000 0.007926
-107.200000 43.400000 0.010261
-107.200000 43.600000 0.010384
-107.200000 43.800000 0.008200
-107.200000 44.000000 0.007504
-107.200000 44.200000 0.008345
-107.200000 44.400000 0.010128
-107.200000 44.600000 0.010069
-107.200000 44.800000 0.011029
-107.200000 45.000000 0.008164
-107.000000 40.000000 0.031627
-107.000000 40.200000 0.034730
-107.000000 40.400000 0.038695
-107.000000 40.600000 0.040955
-107.000000 40.800000 0.042302
-107.000000 41.000000 0.043697
-107.000000 41.200000 0.042704
-107.000000 41.400000 0.040839
-107.000000 41.600000 0.040113
-107.000000 41.800000 0.036257
-107.000000 42.000000 0.031578
-107.000000 42.200000 0.030539
-107.000000 42.400000 0.024740
-107.000000 42.600000 0.018778
-107.000000 42.800000 0.018546
-107.000000 43.000000 0.014076
-107.000000 43.200000 0.008858
-107.000000 43.400000 0.009641
-107.000000 43.600000 0.009961
-107.000000 43.800000 0.008196
-107.000000 44.000000 0.007307
-107.000000 44.200000 0.006444
-107.000000 44.400000 0.006112
-107.000000 44.600000 0.010449
-107.000000 44.800000 0.010558
-107.000000 45.000000 0.007947
